706
0 705 0.938335364875
0 1 0.477113915521
0 22 0.477113915521
1 705 0.937842890751
1 0 0.477113915521
1 2 1.0
1 23 0.941764533584
2 705 0.937757649357
2 1 1.0
2 3 0.970445533549
2 24 1.0
3 705 0.936428839664
3 2 0.970445533549
3 4 0.941764533584
3 25 0.980198673307
4 705 0.933910108762
4 3 0.941764533584
4 5 1.0
4 26 0.941764533584
5 705 0.930715239316
5 4 1.0
5 6 1.0
5 27 0.786627861067
6 705 0.925323845803
6 5 1.0
6 7 0.970445533549
6 28 1.0
7 705 0.919700561441
7 6 0.970445533549
7 8 0.869358235399
7 29 0.990049833749
8 705 0.910557682379
8 7 0.869358235399
8 9 1.0
8 30 0.869358235399
9 705 0.904025973731
9 8 1.0
9 10 0.869358235399
9 31 1.0
10 705 0.908559580794
10 9 0.869358235399
10 11 0.81058424597
10 32 0.869358235399
11 705 0.902618632126
11 10 0.81058424597
11 12 0.990049833749
11 33 0.990049833749
12 705 0.892519799552
12 11 0.990049833749
12 13 0.582748252374
12 34 0.990049833749
13 705 0.875744773045
13 12 0.582748252374
13 14 0.980198673307
13 35 0.990049833749
14 705 0.864625058425
14 13 0.980198673307
14 15 0.571209063849
14 36 0.869358235399
15 705 0.853310680088
15 14 0.571209063849
15 16 0.771051585804
15 37 0.571209063849
16 705 0.827578496748
16 15 0.771051585804
16 17 0.683861409212
16 38 1.0
17 705 0.83439581714
17 16 0.683861409212
17 18 0.980198673307
17 39 0.786627861067
18 705 0.839271586651
18 17 0.980198673307
18 19 0.371576691022
18 40 0.869358235399
19 705 0.000643497290289
19 18 0.371576691022
19 20 0.951229424501
19 41 0.740818220682
20 705 2.02673523747e-06
20 19 0.951229424501
20 21 0.913931185271
20 42 0.913931185271
21 705 1.29502782951e-09
21 20 0.913931185271
21 43 0.913931185271
22 705 0.937161861436
22 23 0.941764533584
22 0 0.477113915521
22 44 0.980198673307
23 705 0.938138462702
23 22 0.941764533584
23 24 0.941764533584
23 1 0.941764533584
23 45 0.941764533584
24 705 0.937840958965
24 23 0.941764533584
24 25 0.913931185271
24 2 1.0
24 46 1.0
25 705 0.937441761223
25 24 0.913931185271
25 26 0.980198673307
25 3 0.980198673307
25 47 0.496585303791
26 705 0.936428839664
26 25 0.980198673307
26 27 0.941764533584
26 4 0.941764533584
26 48 0.970445533549
27 705 0.934511496762
27 26 0.941764533584
27 28 0.786627861067
27 5 0.786627861067
27 49 1.0
28 705 0.929177899024
28 27 0.786627861067
28 29 0.941764533584
28 6 1.0
28 50 0.0192547017754
29 705 0.926836535712
29 28 0.941764533584
29 30 0.990049833749
29 7 0.990049833749
29 51 0.980198673307
30 705 0.918525883119
30 29 0.990049833749
30 31 0.869358235399
30 8 0.869358235399
30 52 0.970445533549
31 705 0.912651778642
31 30 0.869358235399
31 32 1.0
31 9 1.0
31 53 1.0
32 705 0.912651778642
32 31 1.0
32 33 1.0
32 10 0.869358235399
32 54 0.869358235399
33 705 0.901369896329
33 32 1.0
33 34 0.990049833749
33 11 0.990049833749
33 55 1.0
34 705 0.898982031068
34 33 0.990049833749
34 35 0.683861409212
34 12 0.990049833749
34 56 0.980198673307
35 705 0.883184162193
35 34 0.683861409212
35 36 0.970445533549
35 13 0.990049833749
35 57 0.683861409212
36 705 0.864747854482
36 35 0.970445533549
36 37 0.869358235399
36 14 0.869358235399
36 58 0.869358235399
37 705 0.864625058425
37 36 0.869358235399
37 38 0.941764533584
37 15 0.571209063849
37 59 0.683861409212
38 705 0.851181846089
38 37 0.941764533584
38 39 0.980198673307
38 16 1.0
38 60 0.980198673307
39 705 0.849910447196
39 38 0.980198673307
39 40 0.941764533584
39 17 0.786627861067
39 61 0.941764533584
40 705 0.840760459009
40 39 0.941764533584
40 41 0.970445533549
40 18 0.869358235399
40 62 0.941764533584
41 705 0.917413703166
41 40 0.970445533549
41 42 0.818730753078
41 19 0.740818220682
41 63 0.81058424597
42 705 0.0206818148513
42 41 0.818730753078
42 43 0.463013068311
42 20 0.913931185271
42 64 0.225372655539
43 705 7.3967662638e-09
43 42 0.463013068311
43 21 0.913931185271
43 65 0.941764533584
44 705 0.936168058616
44 45 0.980198673307
44 22 0.980198673307
44 66 0.990049833749
45 705 0.937161861436
45 44 0.980198673307
45 46 1.0
45 23 0.941764533584
45 67 0.980198673307
46 705 0.93789922841
46 45 1.0
46 47 0.748263567579
46 24 1.0
46 68 0.543350869074
47 705 0.937673708586
47 46 0.748263567579
47 48 0.748263567579
47 25 0.496585303791
47 69 0.990049833749
48 705 0.937842890751
48 47 0.748263567579
48 49 0.843664816596
48 26 0.970445533549
48 70 0.990049833749
49 705 0.936575800196
49 48 0.843664816596
49 50 0.0287246396542
49 27 1.0
49 71 0.406569659741
50 705 0.933447553653
50 49 0.0287246396542
50 51 0.0492916787605
50 28 0.0192547017754
50 72 0.0287246396542
51 705 0.93041258545
51 50 0.0492916787605
51 52 0.869358235399
51 29 0.980198673307
51 73 0.869358235399
52 705 0.925323845803
52 51 0.869358235399
52 53 0.748263567579
52 30 0.970445533549
52 74 0.786627861067
53 705 0.922672318475
53 52 0.748263567579
53 54 0.869358235399
53 31 1.0
53 75 0.802518797962
54 705 0.919700561441
54 53 0.869358235399
54 55 0.869358235399
54 32 0.869358235399
54 76 0.941764533584
55 705 0.908580153404
55 54 0.869358235399
55 56 0.970445533549
55 33 1.0
55 77 0.990049833749
56 705 0.900207963539
56 55 0.970445533549
56 57 0.980198673307
56 34 0.980198673307
56 78 0.970445533549
57 705 0.898982031068
57 56 0.980198673307
57 58 0.990049833749
57 35 0.683861409212
57 79 0.81058424597
58 705 0.88723515057
58 57 0.990049833749
58 59 0.980198673307
58 36 0.869358235399
58 80 0.970445533549
59 705 0.877682822166
59 58 0.980198673307
59 60 0.941764533584
59 37 0.683861409212
59 81 0.990049833749
60 705 0.872525300268
60 59 0.941764533584
60 61 0.941764533584
60 38 0.980198673307
60 82 0.970445533549
61 705 0.863239607135
61 60 0.941764533584
61 62 0.941764533584
61 39 0.941764533584
61 83 0.980198673307
62 705 0.847256363989
62 61 0.941764533584
62 63 0.869358235399
62 40 0.941764533584
62 84 0.980198673307
63 705 0.864625058425
63 62 0.869358235399
63 64 0.23223627473
63 41 0.81058424597
63 85 0.436049286322
64 705 0.00797260547441
64 63 0.23223627473
64 65 0.941764533584
64 42 0.225372655539
64 86 0.516851334492
65 705 5.83532944356e-08
65 64 0.941764533584
65 43 0.941764533584
65 87 0.886920436717
66 705 0.932003397323
66 67 0.990049833749
66 44 0.990049833749
66 88 0.990049833749
67 705 0.93393643147
67 66 0.990049833749
67 68 0.436049286322
67 45 0.980198673307
67 89 0.826959133943
68 705 0.935646770416
68 67 0.436049286322
68 69 0.913931185271
68 46 0.543350869074
68 90 0.543350869074
69 705 0.937194325695
69 68 0.913931185271
69 70 0.748263567579
69 47 0.990049833749
69 91 0.786627861067
70 705 0.938191872385
70 69 0.748263567579
70 71 0.697676326071
70 48 0.990049833749
70 92 0.980198673307
71 705 0.937464731218
71 70 0.697676326071
71 72 0.406569659741
71 49 0.406569659741
71 93 0.913931185271
72 705 0.936575800196
72 71 0.406569659741
72 73 0.786627861067
72 50 0.0287246396542
72 94 0.843664816596
73 705 0.933921090895
73 72 0.786627861067
73 74 0.786627861067
73 51 0.869358235399
73 95 0.786627861067
74 705 0.929757942579
74 73 0.786627861067
74 75 0.843664816596
74 52 0.786627861067
74 96 0.650509094723
75 705 0.927792849592
75 74 0.843664816596
75 76 0.960789439152
75 53 0.802518797962
75 97 0.895834135297
76 705 0.921227991771
76 75 0.960789439152
76 77 0.612626394184
76 54 0.941764533584
76 98 0.718923733432
77 705 0.916381886744
77 76 0.612626394184
77 78 0.990049833749
77 55 0.990049833749
77 99 0.571209063849
78 705 0.908580153404
78 77 0.990049833749
78 79 0.869358235399
78 56 0.970445533549
78 100 0.869358235399
79 705 0.906926769105
79 78 0.869358235399
79 80 0.748263567579
79 57 0.81058424597
79 101 0.990049833749
80 705 0.902192382571
80 79 0.748263567579
80 81 0.869358235399
80 58 0.970445533549
80 102 0.970445533549
81 705 0.88202501887
81 80 0.869358235399
81 82 1.0
81 59 0.990049833749
81 103 0.951229424501
82 705 0.87641923882
82 81 1.0
82 83 0.951229424501
82 60 0.970445533549
82 104 0.951229424501
83 705 0.874659390135
83 82 0.951229424501
83 84 0.771051585804
83 61 0.980198673307
83 105 1.0
84 705 0.853953565575
84 83 0.771051585804
84 85 0.637628151622
84 62 0.980198673307
84 106 1.0
85 705 0.855496312953
85 84 0.637628151622
85 86 0.229925485187
85 63 0.436049286322
85 107 0.970445533549
86 705 0.797398980423
86 85 0.229925485187
86 87 0.818730753078
86 64 0.516851334492
86 108 0.951229424501
87 705 6.19659209404e-07
87 86 0.818730753078
87 65 0.886920436717
87 109 0.980198673307
88 705 0.922903484404
88 89 0.826959133943
88 66 0.990049833749
88 110 0.748263567579
89 705 0.930336486648
89 88 0.826959133943
89 90 0.913931185271
89 67 0.826959133943
89 111 0.913931185271
90 705 0.933436214018
90 89 0.913931185271
90 91 1.0
90 68 0.543350869074
90 112 0.913931185271
91 705 0.934269094353
91 90 1.0
91 92 0.990049833749
91 69 0.786627861067
91 113 1.0
92 705 0.937043546216
92 91 0.990049833749
92 93 0.970445533549
92 70 0.980198673307
92 114 0.869358235399
93 705 0.938131601976
93 92 0.970445533549
93 94 0.941764533584
93 71 0.913931185271
93 115 0.683861409212
94 705 0.937842890751
94 93 0.941764533584
94 95 0.843664816596
94 72 0.843664816596
94 116 0.970445533549
95 705 0.936575800196
95 94 0.843664816596
95 96 0.650509094723
95 73 0.786627861067
95 117 0.941764533584
96 705 0.935647021276
96 95 0.650509094723
96 97 0.990049833749
96 74 0.650509094723
96 118 0.913931185271
97 705 0.931579580511
97 96 0.990049833749
97 98 0.582748252374
97 75 0.895834135297
97 119 0.786627861067
98 705 0.929757942579
98 97 0.582748252374
98 99 0.683861409212
98 76 0.718923733432
98 120 0.786627861067
99 705 0.926941690774
99 98 0.683861409212
99 100 0.913931185271
99 77 0.571209063849
99 121 0.980198673307
100 705 0.919700561441
100 99 0.913931185271
100 101 0.990049833749
100 78 0.869358235399
100 122 0.951229424501
101 705 0.911690586005
101 100 0.990049833749
101 102 0.913931185271
101 79 0.990049833749
101 123 0.826959133943
102 705 0.905823460456
102 101 0.913931185271
102 103 1.0
102 80 0.970445533549
102 124 1.0
103 705 0.894741605373
103 102 1.0
103 104 1.0
103 81 0.951229424501
103 125 1.0
104 705 0.88723515057
104 103 1.0
104 105 1.0
104 82 0.951229424501
104 126 0.980198673307
105 705 0.8820956436
105 104 1.0
105 106 0.771051585804
105 83 1.0
105 127 0.980198673307
106 705 0.877817607429
106 105 0.771051585804
106 107 0.771051585804
106 84 1.0
106 128 0.771051585804
107 705 0.900869193518
107 106 0.771051585804
107 108 0.463013068311
107 85 0.970445533549
107 129 0.990049833749
108 705 0.0433381569225
108 107 0.463013068311
108 109 0.663650250136
108 86 0.951229424501
108 130 0.941764533584
109 705 6.72788251182e-08
109 108 0.663650250136
109 87 0.980198673307
109 131 0.941764533584
110 705 0.922113264409
110 111 0.843664816596
110 88 0.748263567579
110 132 0.913931185271
111 705 0.924764442951
111 110 0.843664816596
111 112 0.913931185271
111 89 0.913931185271
111 133 0.869358235399
112 705 0.928676899345
112 111 0.913931185271
112 113 0.913931185271
112 90 0.913931185271
112 134 0.802518797962
113 705 0.933436214018
113 112 0.913931185271
113 114 0.913931185271
113 91 1.0
113 135 0.606530659713
114 705 0.935415272248
114 113 0.913931185271
114 115 0.990049833749
114 92 0.869358235399
114 136 0.913931185271
115 705 0.937452539789
115 114 0.990049833749
115 116 0.951229424501
115 93 0.683861409212
115 137 0.748263567579
116 705 0.938355573894
116 115 0.951229424501
116 117 1.0
116 94 0.970445533549
116 138 0.951229424501
117 705 0.937558410565
117 116 1.0
117 118 0.980198673307
117 95 0.941764533584
117 139 1.0
118 705 0.935509237738
118 117 0.980198673307
118 119 0.980198673307
118 96 0.913931185271
118 140 1.0
119 705 0.934404657304
119 118 0.980198673307
119 120 0.941764533584
119 97 0.786627861067
119 141 0.990049833749
120 705 0.933921090895
120 119 0.941764533584
120 121 1.0
120 98 0.786627861067
120 142 0.941764533584
121 705 0.929177899024
121 120 1.0
121 122 0.869358235399
121 99 0.980198673307
121 143 0.375311098851
122 705 0.924619682795
122 121 0.869358235399
122 123 0.913931185271
122 100 0.951229424501
122 144 0.571209063849
123 705 0.918728523829
123 122 0.913931185271
123 124 0.980198673307
123 101 0.826959133943
123 145 0.869358235399
124 705 0.912100405451
124 123 0.980198673307
124 125 1.0
124 102 1.0
124 146 0.970445533549
125 705 0.906148443865
125 124 1.0
125 126 0.980198673307
125 103 1.0
125 147 0.990049833749
126 705 0.898993197323
126 125 0.980198673307
126 127 1.0
126 104 0.980198673307
126 148 0.941764533584
127 705 0.893402098377
127 126 1.0
127 128 0.980198673307
127 105 0.980198673307
127 149 0.951229424501
128 705 0.88723515057
128 127 0.980198673307
128 129 0.990049833749
128 106 0.771051585804
128 150 1.0
129 705 0.89607719597
129 128 0.990049833749
129 130 0.606530659713
129 107 0.990049833749
129 151 0.711770322763
130 705 0.0438435758987
130 129 0.606530659713
130 131 0.29819727943
130 108 0.941764533584
130 152 0.990049833749
131 705 1.44275198025e-10
131 130 0.29819727943
131 109 0.941764533584
131 153 0.423162082318
132 705 0.902959953909
132 133 0.786627861067
132 110 0.913931185271
132 154 0.941764533584
133 705 0.917902723731
133 132 0.786627861067
133 134 0.748263567579
133 111 0.869358235399
133 155 0.980198673307
134 705 0.923775583628
134 133 0.748263567579
134 135 0.748263567579
134 112 0.802518797962
134 156 0.913931185271
135 705 0.926375409197
135 134 0.748263567579
135 136 0.606530659713
135 113 0.606530659713
135 157 0.406569659741
136 705 0.933436214018
136 135 0.606530659713
136 137 0.970445533549
136 114 0.913931185271
136 158 0.913931185271
137 705 0.935549048886
137 136 0.970445533549
137 138 0.748263567579
137 115 0.748263567579
137 159 0.748263567579
138 705 0.937452539789
138 137 0.748263567579
138 139 0.951229424501
138 116 0.951229424501
138 160 0.683861409212
139 705 0.937414162687
139 138 0.951229424501
139 140 0.980198673307
139 117 1.0
139 161 0.970445533549
140 705 0.937220980528
140 139 0.980198673307
140 141 0.951229424501
140 118 1.0
140 162 0.980198673307
141 705 0.936209527813
141 140 0.951229424501
141 142 0.990049833749
141 119 0.990049833749
141 163 0.951229424501
142 705 0.933021559822
142 141 0.990049833749
142 143 0.571209063849
142 120 0.941764533584
142 164 0.970445533549
143 705 0.00551925216639
143 142 0.571209063849
143 144 0.155672630368
143 121 0.375311098851
143 165 0.980198673307
144 705 0.929679073829
144 143 0.155672630368
144 145 0.637628151622
144 122 0.571209063849
144 166 0.683861409212
145 705 0.921787738175
145 144 0.637628151622
145 146 0.990049833749
145 123 0.869358235399
145 167 0.913931185271
146 705 0.917974323209
146 145 0.990049833749
146 147 0.941764533584
146 124 0.970445533549
146 168 0.970445533549
147 705 0.914057153215
147 146 0.941764533584
147 148 0.81058424597
147 125 0.990049833749
147 169 0.990049833749
148 705 0.906926769105
148 147 0.81058424597
148 149 0.81058424597
148 126 0.941764533584
148 170 0.771051585804
149 705 0.905993697985
149 148 0.81058424597
149 150 0.990049833749
149 127 0.951229424501
149 171 0.81058424597
150 705 0.902803415733
150 149 0.990049833749
150 151 0.748263567579
150 128 1.0
150 172 1.0
151 705 0.341360460765
151 150 0.748263567579
151 152 0.970445533549
151 129 0.711770322763
151 173 0.771051585804
152 705 1.67314799e-07
152 151 0.970445533549
152 153 0.941764533584
152 130 0.990049833749
152 174 0.663650250136
153 705 3.05538427219e-08
153 152 0.941764533584
153 131 0.423162082318
153 175 0.0880368325824
154 705 0.897359164595
154 155 0.980198673307
154 132 0.941764533584
154 176 0.27527078309
155 705 0.909296036797
155 154 0.980198673307
155 156 0.980198673307
155 133 0.980198673307
155 177 0.980198673307
156 705 0.912975777039
156 155 0.980198673307
156 157 0.980198673307
156 134 0.913931185271
156 178 0.941764533584
157 705 0.927185078563
157 156 0.980198673307
157 158 0.990049833749
157 135 0.406569659741
157 179 0.913931185271
158 705 0.928676899345
158 157 0.990049833749
158 159 0.990049833749
158 136 0.913931185271
158 180 0.802518797962
159 705 0.934647230781
159 158 0.990049833749
159 160 0.683861409212
159 137 0.748263567579
159 181 0.637628151622
160 705 0.936827752368
160 159 0.683861409212
160 161 0.941764533584
160 138 0.683861409212
160 182 0.941764533584
161 705 0.937571475404
161 160 0.941764533584
161 162 0.970445533549
161 139 0.970445533549
161 183 0.990049833749
162 705 0.937558410565
162 161 0.970445533549
162 163 0.980198673307
162 140 0.980198673307
162 184 0.990049833749
163 705 0.937220980528
163 162 0.980198673307
163 164 0.990049833749
163 141 0.951229424501
163 185 0.990049833749
164 705 0.93673399791
164 163 0.990049833749
164 165 0.336216493707
164 142 0.970445533549
164 186 0.516851334492
165 705 0.00220768267802
165 164 0.336216493707
165 166 0.458406011305
165 143 0.980198673307
165 187 0.123687135817
166 705 0.931520104646
166 165 0.458406011305
166 167 0.941764533584
166 144 0.683861409212
166 188 0.543350869074
167 705 0.927541616414
167 166 0.941764533584
167 168 0.748263567579
167 145 0.913931185271
167 189 0.375311098851
168 705 0.924067788702
168 167 0.748263567579
168 169 1.0
168 146 0.970445533549
168 190 0.496585303791
169 705 0.916896296004
169 168 1.0
169 170 0.980198673307
169 147 0.990049833749
169 191 1.0
170 705 0.912038107202
170 169 0.980198673307
170 171 0.771051585804
170 148 0.771051585804
170 192 0.923116346387
171 705 0.908559580794
171 170 0.771051585804
171 172 0.869358235399
171 149 0.81058424597
171 193 0.869358235399
172 705 0.913322462371
172 171 0.869358235399
172 173 0.336216493707
172 150 1.0
172 194 0.990049833749
173 705 5.19326633475e-09
173 172 0.336216493707
173 174 0.941764533584
173 151 0.771051585804
173 195 0.543350869074
174 705 1.29502782951e-09
174 173 0.941764533584
174 175 0.26184566858
174 152 0.663650250136
174 196 0.663650250136
175 705 6.03264676063e-11
175 174 0.26184566858
175 153 0.0880368325824
175 197 0.618783391806
176 705 0.872329450579
176 177 0.151071808836
176 154 0.27527078309
176 198 0.496585303791
177 705 0.892158948385
177 176 0.151071808836
177 178 1.0
177 155 0.980198673307
177 199 0.970445533549
178 705 0.911321510743
178 177 1.0
178 179 0.843664816596
178 156 0.941764533584
178 200 0.869358235399
179 705 0.919541712457
179 178 0.843664816596
179 180 0.980198673307
179 157 0.913931185271
179 201 0.843664816596
180 705 0.923994886056
180 179 0.980198673307
180 181 0.980198673307
180 158 0.802518797962
180 202 1.0
181 705 0.930336486648
181 180 0.980198673307
181 182 0.913931185271
181 159 0.637628151622
181 203 0.869358235399
182 705 0.935517051663
182 181 0.913931185271
182 183 0.990049833749
182 160 0.941764533584
182 204 0.869358235399
183 705 0.936941627542
183 182 0.990049833749
183 184 0.951229424501
183 161 0.990049833749
183 205 0.990049833749
184 705 0.937708900889
184 183 0.951229424501
184 185 0.980198673307
184 162 0.990049833749
184 206 0.127453969895
185 705 0.937497901399
185 184 0.980198673307
185 186 0.631283645507
185 163 0.990049833749
185 207 0.818730753078
186 705 0.155815610678
186 185 0.631283645507
186 187 0.26184566858
186 164 0.516851334492
186 208 0.663650250136
187 705 0.753356671095
187 186 0.26184566858
187 188 0.711770322763
187 165 0.123687135817
187 209 0.26184566858
188 705 0.933976054027
188 187 0.711770322763
188 189 0.81058424597
188 166 0.543350869074
188 210 0.375311098851
189 705 0.927033703821
189 188 0.81058424597
189 190 0.612626394184
189 167 0.375311098851
189 211 0.218711886952
190 705 0.927628203078
190 189 0.612626394184
190 191 0.496585303791
190 168 0.496585303791
190 212 0.990049833749
191 705 0.920794555537
191 190 0.496585303791
191 192 0.980198673307
191 169 1.0
191 213 0.802518797962
192 705 0.912686287407
192 191 0.980198673307
192 193 0.980198673307
192 170 0.923116346387
192 214 0.941764533584
193 705 0.908580153404
193 192 0.980198673307
193 194 0.990049833749
193 171 0.869358235399
193 215 0.990049833749
194 705 0.912513056518
194 193 0.990049833749
194 195 0.040356613272
194 172 0.990049833749
194 216 0.763379494337
195 705 0.00109644873927
195 194 0.040356613272
195 196 0.980198673307
195 173 0.543350869074
195 217 0.606530659713
196 705 3.44525329701e-06
196 195 0.980198673307
196 197 0.951229424501
196 174 0.663650250136
196 218 0.869358235399
197 705 7.43721815489e-10
197 196 0.951229424501
197 175 0.618783391806
197 219 0.423162082318
198 705 0.864042201246
198 199 0.869358235399
198 176 0.496585303791
198 220 0.970445533549
199 705 0.879846268508
199 198 0.869358235399
199 200 0.951229424501
199 177 0.970445533549
199 221 0.23223627473
200 705 0.903458853665
200 199 0.951229424501
200 201 0.869358235399
200 178 0.869358235399
200 222 0.406569659741
201 705 0.910591811232
201 200 0.869358235399
201 202 0.748263567579
201 179 0.843664816596
201 223 0.980198673307
202 705 0.923775583628
202 201 0.748263567579
202 203 0.786627861067
202 180 1.0
202 224 0.843664816596
203 705 0.926240487874
203 202 0.786627861067
203 204 0.349937749111
203 181 0.869358235399
203 225 0.650509094723
204 705 0.931480428226
204 203 0.349937749111
204 205 0.941764533584
204 182 0.869358235399
204 226 1.0
205 705 0.935205704013
205 204 0.941764533584
205 206 0.175520400617
205 183 0.990049833749
205 227 0.980198673307
206 705 0.93686037761
206 205 0.175520400617
206 207 0.2836540265
206 184 0.127453969895
206 228 0.349937749111
207 705 0.00856406165656
207 206 0.2836540265
207 208 0.913931185271
207 185 0.818730753078
207 229 0.843664816596
208 705 0.483102607
208 207 0.913931185271
208 209 0.663650250136
208 186 0.663650250136
208 230 0.913931185271
209 705 0.299223843313
209 208 0.663650250136
209 210 0.818730753078
209 187 0.26184566858
209 231 1.0
210 705 0.912947926724
210 209 0.818730753078
210 211 0.951229424501
210 188 0.375311098851
210 232 0.951229424501
211 705 0.933353545324
211 210 0.951229424501
211 212 0.786627861067
211 189 0.218711886952
211 233 0.637628151622
212 705 0.931579580511
212 211 0.786627861067
212 213 0.895834135297
212 190 0.990049833749
212 234 0.786627861067
213 705 0.929097791103
213 212 0.895834135297
213 214 0.980198673307
213 191 0.802518797962
213 235 0.970445533549
214 705 0.919700561441
214 213 0.980198673307
214 215 0.81058424597
214 192 0.941764533584
214 236 0.951229424501
215 705 0.916381886744
215 214 0.81058424597
215 216 0.763379494337
215 193 0.990049833749
215 237 0.175520400617
216 705 0.8964938849
216 215 0.763379494337
216 217 0.683861409212
216 194 0.763379494337
216 238 0.951229424501
217 705 8.7076837891e-07
217 216 0.683861409212
217 218 0.802518797962
217 195 0.606530659713
217 239 0.970445533549
218 705 2.04985735445e-10
218 217 0.802518797962
218 219 0.5655254387
218 196 0.869358235399
218 240 0.990049833749
219 705 1.27274414503e-07
219 218 0.5655254387
219 197 0.423162082318
219 241 0.606530659713
220 705 0.855951032459
220 221 0.364218979572
220 198 0.970445533549
220 242 0.941764533584
221 705 0.872329450579
221 220 0.364218979572
221 222 0.990049833749
221 199 0.23223627473
221 243 0.637628151622
222 705 0.897825219272
222 221 0.990049833749
222 223 0.241714016897
222 200 0.406569659741
222 244 0.406569659741
223 705 0.911746556495
223 222 0.241714016897
223 224 1.0
223 201 0.980198673307
223 245 0.748263567579
224 705 0.915821310488
224 223 1.0
224 225 0.941764533584
224 202 0.843664816596
224 246 0.980198673307
225 705 0.924764442951
225 224 0.941764533584
225 226 0.869358235399
225 203 0.650509094723
225 247 1.0
226 705 0.928476513184
226 225 0.869358235399
226 227 0.869358235399
226 204 1.0
226 248 0.748263567579
227 705 0.933436214018
227 226 0.869358235399
227 228 0.970445533549
227 205 0.980198673307
227 249 1.0
228 705 0.935336005804
228 227 0.970445533549
228 229 0.670320046036
228 206 0.349937749111
228 250 0.81058424597
229 705 0.651260065671
229 228 0.670320046036
229 230 0.379083038103
229 207 0.843664816596
229 251 0.5655254387
230 705 0.540639774275
230 229 0.379083038103
230 231 0.886920436717
230 208 0.913931185271
230 252 0.886920436717
231 705 0.41210761482
231 230 0.886920436717
231 232 0.843664816596
231 209 1.0
231 253 0.29819727943
232 705 0.507119398513
232 231 0.843664816596
232 233 0.843664816596
232 210 0.951229424501
232 254 0.913931185271
233 705 0.488749779088
233 232 0.843664816596
233 234 0.637628151622
233 211 0.637628151622
233 255 0.970445533549
234 705 0.931520104646
234 233 0.637628151622
234 235 1.0
234 212 0.786627861067
234 256 0.394553710372
235 705 0.931040070809
235 234 1.0
235 236 0.980198673307
235 213 0.970445533549
235 257 0.980198673307
236 705 0.928431730747
236 235 0.980198673307
236 237 0.313486180883
236 214 0.951229424501
236 258 0.869358235399
237 705 0.934715591237
237 236 0.313486180883
237 238 0.559898366565
237 215 0.175520400617
237 259 0.683861409212
238 705 0.00110106444584
238 237 0.559898366565
238 239 0.711770322763
238 216 0.951229424501
238 260 0.332871083698
239 705 3.74118765673e-09
239 238 0.711770322763
239 240 0.886920436717
239 217 0.970445533549
239 261 0.843664816596
240 705 8.68313121455e-10
240 239 0.886920436717
240 241 0.980198673307
240 218 0.990049833749
240 262 0.618783391806
241 705 2.74531130848e-06
241 240 0.980198673307
241 219 0.606530659713
241 263 0.843664816596
242 705 0.808370174096
242 243 0.711770322763
242 220 0.941764533584
242 264 0.886920436717
243 705 0.854912766199
243 242 0.711770322763
243 244 0.886920436717
243 221 0.637628151622
243 265 0.941764533584
244 705 0.885073653407
244 243 0.886920436717
244 245 0.913931185271
244 222 0.406569659741
244 266 1.0
245 705 0.898412015023
245 244 0.913931185271
245 246 0.637628151622
245 223 0.748263567579
245 267 0.826959133943
246 705 0.910591811232
246 245 0.637628151622
246 247 0.869358235399
246 224 0.980198673307
246 268 0.941764533584
247 705 0.923394286855
247 246 0.869358235399
247 248 0.970445533549
247 225 1.0
247 269 0.869358235399
248 705 0.923994886056
248 247 0.970445533549
248 249 0.970445533549
248 226 0.748263567579
248 270 0.543350869074
249 705 0.931335050414
249 248 0.970445533549
249 250 0.835270211411
249 227 1.0
249 271 0.913931185271
250 705 0.61365086846
250 249 0.835270211411
250 251 0.980198673307
250 228 0.81058424597
250 272 0.941764533584
251 705 0.62181264656
251 250 0.980198673307
251 252 0.711770322763
251 229 0.5655254387
251 273 0.711770322763
252 705 0.423874689299
252 251 0.711770322763
252 253 0.29819727943
252 230 0.886920436717
252 274 0.843664816596
253 705 0.741615423057
253 252 0.29819727943
253 254 0.843664816596
253 231 0.29819727943
253 275 0.472366552741
254 705 0.744655099168
254 253 0.843664816596
254 255 0.748263567579
254 232 0.913931185271
254 276 0.463013068311
255 705 0.051825084086
255 254 0.748263567579
255 256 0.763379494337
255 233 0.970445533549
255 277 0.711770322763
256 705 0.000264266335137
256 255 0.763379494337
256 257 0.501576069066
256 234 0.394553710372
256 278 0.941764533584
257 705 0.936722555207
257 256 0.501576069066
257 258 0.869358235399
257 235 0.980198673307
257 279 0.913931185271
258 705 0.932624158712
258 257 0.869358235399
258 259 0.980198673307
258 236 0.869358235399
258 280 0.941764533584
259 705 0.936265228794
259 258 0.980198673307
259 260 0.332871083698
259 237 0.683861409212
259 281 0.923116346387
260 705 0.00382991453038
260 259 0.332871083698
260 261 0.463013068311
260 238 0.332871083698
260 282 0.951229424501
261 705 0.000504350052044
261 260 0.463013068311
261 262 0.990049833749
261 239 0.843664816596
261 283 0.869358235399
262 705 3.34055698394e-05
262 261 0.990049833749
262 263 0.970445533549
262 240 0.618783391806
262 284 0.913931185271
263 705 9.13892222706e-08
263 262 0.970445533549
263 241 0.843664816596
263 285 0.00164502450207
264 705 0.821679915178
264 265 0.786627861067
264 242 0.886920436717
264 286 0.970445533549
265 705 0.847170529524
265 264 0.786627861067
265 266 0.711770322763
265 243 0.941764533584
265 287 0.606530659713
266 705 0.87115654765
266 265 0.711770322763
266 267 0.980198673307
266 244 1.0
266 288 0.990049833749
267 705 0.883344473905
267 266 0.980198673307
267 268 1.0
267 245 0.826959133943
267 289 0.980198673307
268 705 0.903520429452
268 267 1.0
268 269 0.941764533584
268 246 0.941764533584
268 290 0.826959133943
269 705 0.917902723731
269 268 0.941764533584
269 270 0.175520400617
269 247 0.869358235399
269 291 0.980198673307
270 705 0.921004561363
270 269 0.175520400617
270 271 0.212247973827
270 248 0.543350869074
270 292 0.313486180883
271 705 0.926602781561
271 270 0.212247973827
271 272 0.704688089719
271 249 0.913931185271
271 293 0.970445533549
272 705 0.636624438519
272 271 0.704688089719
272 273 0.941764533584
272 250 0.941764533584
272 294 0.970445533549
273 705 0.219561640188
273 272 0.941764533584
273 274 0.554327284735
273 251 0.711770322763
273 295 0.960789439152
274 705 0.542591723178
274 273 0.554327284735
274 275 0.0862935864994
274 252 0.843664816596
274 296 0.980198673307
275 705 0.715389525828
275 274 0.0862935864994
275 276 0.0103579597176
275 253 0.472366552741
275 297 0.0103579597176
276 705 0.00510887905188
276 275 0.0103579597176
276 277 0.941764533584
276 254 0.463013068311
276 298 0.970445533549
277 705 2.72313139526e-05
277 276 0.941764533584
277 278 0.913931185271
277 255 0.711770322763
277 299 0.516851334492
278 705 0.0550540905489
278 277 0.913931185271
278 279 0.458406011305
278 256 0.941764533584
278 300 0.0829099665752
279 705 0.93629446423
279 278 0.458406011305
279 280 0.970445533549
279 257 0.913931185271
279 301 0.637628151622
280 705 0.836669185948
280 279 0.970445533549
280 281 0.923116346387
280 258 0.941764533584
280 302 0.960789439152
281 705 0.000883597193436
281 280 0.923116346387
281 282 0.472366552741
281 259 0.923116346387
281 303 1.0
282 705 1.65617701062e-06
282 281 0.472366552741
282 283 0.332871083698
282 260 0.951229424501
282 304 0.100258843723
283 705 0.837830308916
283 282 0.332871083698
283 284 0.606530659713
283 261 0.869358235399
283 305 0.23223627473
284 705 6.07562554971e-06
284 283 0.606530659713
284 285 0.00381048043259
284 262 0.913931185271
284 306 0.0387742078317
285 705 1.36057686908e-11
285 284 0.00381048043259
285 263 0.00164502450207
285 307 0.00279478527504
286 705 0.771117363228
286 287 0.990049833749
286 264 0.970445533549
286 308 0.941764533584
287 705 0.818184495548
287 286 0.990049833749
287 288 0.990049833749
287 265 0.606530659713
287 309 0.990049833749
288 705 0.861781964219
288 287 0.990049833749
288 289 0.990049833749
288 266 0.990049833749
288 310 0.980198673307
289 705 0.87115654765
289 288 0.990049833749
289 290 0.913931185271
289 267 0.980198673307
289 311 0.970445533549
290 705 0.898412015023
290 289 0.913931185271
290 291 0.748263567579
290 268 0.826959133943
290 312 0.637628151622
291 705 0.908015651395
291 290 0.748263567579
291 292 0.980198673307
291 269 0.980198673307
291 313 0.913931185271
292 705 0.914442227221
292 291 0.980198673307
292 293 1.0
292 270 0.313486180883
292 314 0.941764533584
293 705 0.915605805054
293 292 1.0
293 294 0.704688089719
293 271 0.970445533549
293 315 0.151071808836
294 705 0.000263840011179
294 293 0.704688089719
294 295 0.913931185271
294 272 0.970445533549
294 316 0.951229424501
295 705 1.79444904348e-05
295 294 0.913931185271
295 296 0.5655254387
295 273 0.960789439152
295 317 0.913931185271
296 705 0.614006181712
296 295 0.5655254387
296 297 0.618783391806
296 274 0.980198673307
296 318 0.970445533549
297 705 0.0367265279991
297 296 0.618783391806
297 298 0.970445533549
297 275 0.0103579597176
297 319 0.5655254387
298 705 0.324622381121
298 297 0.970445533549
298 299 0.843664816596
298 276 0.970445533549
298 320 0.711770322763
299 705 0.00174251157598
299 298 0.843664816596
299 300 0.0550232200564
299 277 0.516851334492
299 321 0.472366552741
300 705 0.664429221696
300 299 0.0550232200564
300 301 0.00715459837231
300 278 0.0829099665752
300 322 0.00715459837231
301 705 0.499251929546
301 300 0.00715459837231
301 302 0.869358235399
301 279 0.637628151622
301 323 0.618783391806
302 705 0.159856751971
302 301 0.869358235399
302 303 0.886920436717
302 280 0.960789439152
302 324 0.970445533549
303 705 0.0517750760647
303 302 0.886920436717
303 304 0.637628151622
303 281 1.0
303 325 0.225372655539
304 705 0.24686105816
304 303 0.637628151622
304 305 0.618783391806
304 282 0.100258843723
304 326 0.711770322763
305 705 4.25804413861e-05
305 304 0.618783391806
305 306 0.990049833749
305 283 0.23223627473
305 327 0.711770322763
306 705 0.000103033157936
306 305 0.990049833749
306 307 0.26184566858
306 284 0.0387742078317
306 328 0.941764533584
307 705 6.03264676063e-11
307 306 0.26184566858
307 285 0.00279478527504
307 329 0.371576691022
308 705 0.781840845729
308 309 0.869358235399
308 286 0.941764533584
308 330 0.980198673307
309 705 0.790968785899
309 308 0.869358235399
309 310 0.941764533584
309 287 0.990049833749
309 331 0.869358235399
310 705 0.829294711927
310 309 0.941764533584
310 311 0.980198673307
310 288 0.980198673307
310 332 0.970445533549
311 705 0.860641972612
311 310 0.980198673307
311 312 0.748263567579
311 289 0.970445533549
311 333 0.913931185271
312 705 0.88665909767
312 311 0.748263567579
312 313 0.843664816596
312 290 0.637628151622
312 334 0.436049286322
313 705 0.894505813053
313 312 0.843664816596
313 314 0.843664816596
313 291 0.913931185271
313 335 0.941764533584
314 705 0.904824946415
314 313 0.843664816596
314 315 0.0812682392409
314 292 0.941764533584
314 336 0.786627861067
315 705 0.000709327148693
315 314 0.0812682392409
315 316 0.29819727943
315 293 0.151071808836
315 337 0.14660696213
316 705 0.597594181927
316 315 0.29819727943
316 317 0.951229424501
316 294 0.951229424501
316 338 0.980198673307
317 705 0.0679071673209
317 316 0.951229424501
317 318 0.913931185271
317 295 0.913931185271
317 339 0.472366552741
318 705 0.647401752401
318 317 0.913931185271
318 319 0.980198673307
318 296 0.970445533549
318 340 0.618783391806
319 705 0.664022239472
319 318 0.980198673307
319 320 1.0
319 297 0.5655254387
319 341 0.5655254387
320 705 0.162872537048
320 319 1.0
320 321 0.339595525645
320 298 0.711770322763
320 342 0.970445533549
321 705 1.12637594979e-05
321 320 0.339595525645
321 322 0.663650250136
321 299 0.472366552741
321 343 0.980198673307
322 705 0.577618754455
322 321 0.663650250136
322 323 0.618783391806
322 300 0.00715459837231
322 344 0.980198673307
323 705 0.693642980483
323 322 0.618783391806
323 324 0.748263567579
323 301 0.618783391806
323 345 0.970445533549
324 705 0.820228351484
324 323 0.748263567579
324 325 0.606530659713
324 302 0.970445533549
324 346 0.606530659713
325 705 2.10795568749e-06
325 324 0.606530659713
325 326 1.0
325 303 0.225372655539
325 347 0.990049833749
326 705 0.000131346312644
326 325 1.0
326 327 0.802518797962
326 304 0.711770322763
326 348 0.516851334492
327 705 0.367135446444
327 326 0.802518797962
327 328 0.913931185271
327 305 0.711770322763
327 349 0.748263567579
328 705 0.00107944863465
328 327 0.913931185271
328 329 0.970445533549
328 306 0.941764533584
328 350 0.970445533549
329 705 4.61478561547e-06
329 328 0.970445533549
329 307 0.371576691022
329 351 0.0194482147454
330 705 0.740818367066
330 331 0.980198673307
330 308 0.980198673307
330 352 0.913931185271
331 705 0.773151595689
331 330 0.980198673307
331 332 0.913931185271
331 309 0.869358235399
331 353 0.980198673307
332 705 0.818184495548
332 331 0.913931185271
332 333 1.0
332 310 0.970445533549
332 354 0.941764533584
333 705 0.843105027557
333 332 1.0
333 334 0.637628151622
333 311 0.913931185271
333 355 1.0
334 705 0.870315239613
334 333 0.637628151622
334 335 0.571209063849
334 312 0.436049286322
334 356 0.771051585804
335 705 0.885486233185
335 334 0.571209063849
335 336 0.895834135297
335 313 0.941764533584
335 357 0.941764533584
336 705 0.901577356963
336 335 0.895834135297
336 337 0.763379494337
336 314 0.786627861067
336 358 0.895834135297
337 705 0.409870702427
337 336 0.763379494337
337 338 0.970445533549
337 315 0.14660696213
337 359 0.763379494337
338 705 0.106546536141
338 337 0.970445533549
338 339 0.711770322763
338 316 0.980198673307
338 360 0.970445533549
339 705 0.524007189862
339 338 0.711770322763
339 340 0.980198673307
339 317 0.472366552741
339 361 0.980198673307
340 705 0.217768208574
340 339 0.980198673307
340 341 0.970445533549
340 318 0.618783391806
340 362 0.913931185271
341 705 0.00329632062416
341 340 0.970445533549
341 342 0.711770322763
341 319 0.5655254387
341 363 0.663650250136
342 705 0.705263104944
342 341 0.711770322763
342 343 0.5655254387
342 320 0.970445533549
342 364 0.886920436717
343 705 0.000174363948674
343 342 0.5655254387
343 344 0.663650250136
343 321 0.980198673307
343 365 0.843664816596
344 705 0.545280376983
344 343 0.663650250136
344 345 0.5655254387
344 322 0.980198673307
344 366 0.802518797962
345 705 0.668459084824
345 344 0.5655254387
345 346 0.14660696213
345 323 0.970445533549
345 367 0.5655254387
346 705 5.42860522747e-05
346 345 0.14660696213
346 347 0.990049833749
346 324 0.606530659713
346 368 0.970445533549
347 705 6.10328891125e-05
347 346 0.990049833749
347 348 0.472366552741
347 325 0.990049833749
347 369 0.29819727943
348 705 0.228560128545
348 347 0.472366552741
348 349 0.970445533549
348 326 0.516851334492
348 370 0.5655254387
349 705 0.00902163018998
349 348 0.970445533549
349 350 0.663650250136
349 327 0.748263567579
349 371 0.802518797962
350 705 0.333289212035
350 349 0.663650250136
350 351 0.0672055127397
350 328 0.970445533549
350 372 0.941764533584
351 705 0.000850195240992
351 350 0.0672055127397
351 329 0.0194482147454
351 373 0.0249720020423
352 705 0.67731462082
352 353 0.913931185271
352 330 0.913931185271
352 374 0.913931185271
353 705 0.734743511244
353 352 0.913931185271
353 354 0.843664816596
353 331 0.980198673307
353 375 0.941764533584
354 705 0.789514775224
354 353 0.843664816596
354 355 0.941764533584
354 332 0.941764533584
354 376 0.748263567579
355 705 0.830669247857
355 354 0.941764533584
355 356 0.970445533549
355 333 1.0
355 377 1.0
356 705 0.856058573596
356 355 0.970445533549
356 357 1.0
356 334 0.771051585804
356 378 0.336216493707
357 705 0.876167106208
357 356 1.0
357 358 0.941764533584
357 335 0.941764533584
357 379 0.390627835359
358 705 0.896331075465
358 357 0.941764533584
358 359 0.704688089719
358 336 0.895834135297
358 380 1.0
359 705 0.00569185675907
359 358 0.704688089719
359 360 0.970445533549
359 337 0.763379494337
359 381 0.970445533549
360 705 0.000150455875805
360 359 0.970445533549
360 361 0.472366552741
360 338 0.970445533549
360 382 0.886920436717
361 705 0.473853315747
361 360 0.472366552741
361 362 0.913931185271
361 339 0.980198673307
361 383 0.970445533549
362 705 0.0100340453211
362 361 0.913931185271
362 363 0.5655254387
362 340 0.913931185271
362 384 0.913931185271
363 705 0.746329737826
363 362 0.5655254387
363 364 0.843664816596
363 341 0.663650250136
363 385 0.990049833749
364 705 0.396423253328
364 363 0.843664816596
364 365 1.0
364 342 0.886920436717
364 386 0.886920436717
365 705 0.00272291861822
365 364 1.0
365 366 0.618783391806
365 343 0.843664816596
365 387 0.711770322763
366 705 0.503475114546
366 365 0.618783391806
366 367 0.786627861067
366 344 0.802518797962
366 388 0.711770322763
367 705 0.145933221449
367 366 0.786627861067
367 368 0.516851334492
367 345 0.5655254387
367 389 0.886920436717
368 705 1.99320606542e-05
368 367 0.516851334492
368 369 0.225372655539
368 346 0.970445533549
368 390 0.802518797962
369 705 0.420952962747
369 368 0.225372655539
369 370 0.379083038103
369 347 0.29819727943
369 391 0.423162082318
370 705 0.00200666934941
370 369 0.379083038103
370 371 0.802518797962
370 348 0.5655254387
370 392 0.123687135817
371 705 0.447873062634
371 370 0.802518797962
371 372 0.990049833749
371 349 0.802518797962
371 393 0.711770322763
372 705 0.00176980433771
372 371 0.990049833749
372 373 0.763379494337
372 350 0.941764533584
372 394 0.941764533584
373 705 0.000438639872808
373 372 0.763379494337
373 351 0.0249720020423
373 395 0.941764533584
374 705 0.660250367759
374 375 0.941764533584
374 352 0.913931185271
374 396 0.980198673307
375 705 0.714982678028
375 374 0.941764533584
375 376 0.869358235399
375 353 0.941764533584
375 397 0.683861409212
376 705 0.773151595689
376 375 0.869358235399
376 377 0.913931185271
376 354 0.748263567579
376 398 0.941764533584
377 705 0.818184495548
377 376 0.913931185271
377 378 0.23223627473
377 355 1.0
377 399 0.941764533584
378 705 0.844420502613
378 377 0.23223627473
378 379 0.990049833749
378 356 0.336216493707
378 400 0.571209063849
379 705 0.872329450579
379 378 0.990049833749
379 380 0.23223627473
379 357 0.390627835359
379 401 0.151071808836
380 705 0.881406741437
380 379 0.23223627473
380 381 0.818730753078
380 358 1.0
380 402 0.941764533584
381 705 0.236250636787
381 380 0.818730753078
381 382 0.886920436717
381 359 0.970445533549
381 403 0.970445533549
382 705 0.303092263617
382 381 0.886920436717
382 383 0.886920436717
382 360 0.886920436717
382 404 0.913931185271
383 705 0.47922666956
383 382 0.886920436717
383 384 0.970445533549
383 361 0.970445533549
383 405 0.886920436717
384 705 0.0330356528145
384 383 0.970445533549
384 385 0.843664816596
384 362 0.913931185271
384 406 0.990049833749
385 705 0.447397182598
385 384 0.843664816596
385 386 1.0
385 363 0.990049833749
385 407 0.711770322763
386 705 0.679701206327
386 385 1.0
386 387 0.423162082318
386 364 0.886920436717
386 408 0.941764533584
387 705 1.83158057866e-06
387 386 0.423162082318
387 388 0.618783391806
387 365 0.711770322763
387 409 0.970445533549
388 705 0.00854768722245
388 387 0.618783391806
388 389 0.941764533584
388 366 0.711770322763
388 410 0.913931185271
389 705 5.21750635707e-05
389 388 0.941764533584
389 390 1.0
389 367 0.886920436717
389 411 0.14660696213
390 705 0.000593982971312
390 389 1.0
390 391 0.970445533549
390 368 0.802518797962
390 412 0.0880368325824
391 705 0.00210560764967
391 390 0.970445533549
391 392 0.14660696213
391 369 0.423162082318
391 413 0.802518797962
392 705 0.458038592242
392 391 0.14660696213
392 393 0.843664816596
392 370 0.123687135817
392 414 0.886920436717
393 705 0.00534789407122
393 392 0.843664816596
393 394 0.913931185271
393 371 0.711770322763
393 415 0.960789439152
394 705 0.147175670944
394 393 0.913931185271
394 395 0.763379494337
394 372 0.941764533584
394 416 0.472366552741
395 705 0.0171282897494
395 394 0.763379494337
395 373 0.941764533584
395 417 0.663650250136
396 705 0.556783520119
396 397 0.786627861067
396 374 0.980198673307
396 418 0.748263567579
397 705 0.66807822243
397 396 0.786627861067
397 398 0.786627861067
397 375 0.683861409212
397 419 0.81058424597
398 705 0.725112288023
398 397 0.786627861067
398 399 0.913931185271
398 376 0.941764533584
398 420 0.980198673307
399 705 0.789514775224
399 398 0.913931185271
399 400 0.606530659713
399 377 0.941764533584
399 421 0.748263567579
400 705 0.836435907372
400 399 0.606530659713
400 401 0.606530659713
400 378 0.571209063849
400 422 0.913931185271
401 705 0.843290593163
401 400 0.606530659713
401 402 0.843664816596
401 379 0.151071808836
401 423 0.970445533549
402 705 0.838637648482
402 401 0.843664816596
402 403 0.878095430921
402 380 0.941764533584
402 424 0.835270211411
403 705 0.00902800536704
403 402 0.878095430921
403 404 0.980198673307
403 381 0.970445533549
403 425 0.941764533584
404 705 0.283675289598
404 403 0.980198673307
404 405 0.913931185271
404 382 0.913931185271
404 426 0.980198673307
405 705 0.536160575375
405 404 0.913931185271
405 406 0.802518797962
405 383 0.886920436717
405 427 0.802518797962
406 705 0.622127633318
406 405 0.802518797962
406 407 0.941764533584
406 384 0.990049833749
406 428 1.0
407 705 0.00308983687877
407 406 0.941764533584
407 408 0.886920436717
407 385 0.711770322763
407 429 0.980198673307
408 705 0.0974373766766
408 407 0.886920436717
408 409 0.763379494337
408 386 0.941764533584
408 430 0.970445533549
409 705 7.34213159718e-06
409 408 0.763379494337
409 410 0.941764533584
409 387 0.970445533549
409 431 1.0
410 705 0.013869478164
410 409 0.941764533584
410 411 0.123687135817
410 388 0.913931185271
410 432 0.123687135817
411 705 0.401387604926
411 410 0.123687135817
411 412 0.970445533549
411 389 0.14660696213
411 433 0.14660696213
412 705 0.00157659293979
412 411 0.970445533549
412 413 0.0080667871391
412 390 0.0880368325824
412 434 0.0602049923924
413 705 4.50316792302e-08
413 412 0.0080667871391
413 414 0.104350484755
413 391 0.802518797962
413 435 0.618783391806
414 705 0.0590412159135
414 413 0.104350484755
414 415 0.951229424501
414 392 0.886920436717
414 436 0.379083038103
415 705 0.682236553511
415 414 0.951229424501
415 416 0.606530659713
415 393 0.960789439152
415 437 0.843664816596
416 705 0.000859030842422
416 415 0.606530659713
416 417 0.0167392335586
416 394 0.472366552741
416 438 0.5655254387
417 705 5.55361982665e-09
417 416 0.0167392335586
417 395 0.663650250136
417 439 0.970445533549
418 705 0.538285795628
418 419 0.786627861067
418 396 0.748263567579
418 440 0.951229424501
419 705 0.617004819507
419 418 0.786627861067
419 420 0.990049833749
419 397 0.81058424597
419 441 1.0
420 705 0.720292582856
420 419 0.990049833749
420 421 0.980198673307
420 398 0.980198673307
420 442 0.869358235399
421 705 0.773151595689
421 420 0.980198673307
421 422 0.980198673307
421 399 0.748263567579
421 443 0.970445533549
422 705 0.80449631589
422 421 0.980198673307
422 423 0.941764533584
422 400 0.913931185271
422 444 0.980198673307
423 705 0.837863954227
423 422 0.941764533584
423 424 0.923116346387
423 401 0.970445533549
423 445 0.951229424501
424 705 0.265404375045
424 423 0.923116346387
424 425 0.843664816596
424 402 0.835270211411
424 446 1.0
425 705 0.351355556765
425 424 0.843664816596
425 426 0.941764533584
425 403 0.941764533584
425 447 0.970445533549
426 705 0.28714393252
426 425 0.941764533584
426 427 0.663650250136
426 404 0.980198673307
426 448 0.606530659713
427 705 0.497113396633
427 426 0.663650250136
427 428 1.0
427 405 0.802518797962
427 449 1.0
428 705 0.0418939677942
428 427 1.0
428 429 0.980198673307
428 406 1.0
428 450 0.886920436717
429 705 0.0914843219225
429 428 0.980198673307
429 430 0.990049833749
429 407 0.980198673307
429 451 0.990049833749
430 705 0.0239197687073
430 429 0.990049833749
430 431 0.886920436717
430 408 0.970445533549
430 452 0.886920436717
431 705 0.000227629322928
431 430 0.886920436717
431 432 0.0602049923924
431 409 1.0
431 453 0.886920436717
432 705 0.481498318302
432 431 0.0602049923924
432 433 0.14660696213
432 410 0.123687135817
432 454 0.197898699084
433 705 0.0189847545054
433 432 0.14660696213
433 434 0.980198673307
433 411 0.14660696213
433 455 0.913931185271
434 705 0.123395261626
434 433 0.980198673307
434 435 0.970445533549
434 412 0.0602049923924
434 456 0.379083038103
435 705 0.00238258462338
435 434 0.970445533549
435 436 0.970445533549
435 413 0.618783391806
435 457 0.980198673307
436 705 0.00108143804974
436 435 0.970445533549
436 437 0.229925485187
436 414 0.379083038103
436 458 0.763379494337
437 705 0.652452991732
437 436 0.229925485187
437 438 0.802518797962
437 415 0.843664816596
437 459 0.843664816596
438 705 0.46035856672
438 437 0.802518797962
438 439 0.29819727943
438 416 0.5655254387
438 460 0.29819727943
439 705 1.71812067118e-06
439 438 0.29819727943
439 417 0.970445533549
439 461 0.913931185271
440 705 0.423520591261
440 441 0.637628151622
440 418 0.951229424501
440 462 0.826959133943
441 705 0.564235769356
441 440 0.637628151622
441 442 0.81058424597
441 419 1.0
441 463 0.941764533584
442 705 0.642134590129
442 441 0.81058424597
442 443 0.990049833749
442 420 0.869358235399
442 464 1.0
443 705 0.735954295266
443 442 0.990049833749
443 444 0.970445533549
443 421 0.970445533549
443 465 0.843664816596
444 705 0.773151595689
444 443 0.970445533549
444 445 0.970445533549
444 422 0.980198673307
444 466 0.970445533549
445 705 0.828957183462
445 444 0.970445533549
445 446 0.81058424597
445 423 0.951229424501
445 467 0.980198673307
446 705 0.0596658097764
446 445 0.81058424597
446 447 0.711770322763
446 424 1.0
446 468 0.886920436717
447 705 0.0221771855123
447 446 0.711770322763
447 448 0.878095430921
447 425 0.970445533549
447 469 0.5655254387
448 705 1.19026131788e-05
448 447 0.878095430921
448 449 0.163654136803
448 426 0.606530659713
448 470 0.748263567579
449 705 0.0197124429527
449 448 0.163654136803
449 450 0.886920436717
449 427 1.0
449 471 0.990049833749
450 705 0.00123786963432
450 449 0.886920436717
450 451 0.913931185271
450 428 0.886920436717
450 472 0.980198673307
451 705 0.0779938544576
451 450 0.913931185271
451 452 0.886920436717
451 429 0.990049833749
451 473 0.763379494337
452 705 0.000142627635008
452 451 0.886920436717
452 453 0.886920436717
452 430 0.886920436717
452 474 0.802518797962
453 705 0.101236783205
453 452 0.886920436717
453 454 0.990049833749
453 431 0.886920436717
453 475 0.516851334492
454 705 0.170227035287
454 453 0.990049833749
454 455 0.843664816596
454 432 0.197898699084
454 476 0.990049833749
455 705 2.29229568613e-05
455 454 0.843664816596
455 456 0.26184566858
455 433 0.913931185271
455 477 0.0130365282034
456 705 0.253364755604
456 455 0.26184566858
456 457 0.423162082318
456 434 0.379083038103
456 478 0.197898699084
457 705 0.0193863897784
457 456 0.423162082318
457 458 0.802518797962
457 435 0.980198673307
457 479 0.980198673307
458 705 0.266288327693
458 457 0.802518797962
458 459 0.913931185271
458 436 0.763379494337
458 480 0.913931185271
459 705 0.481540685849
459 458 0.913931185271
459 460 0.26184566858
459 437 0.843664816596
459 481 0.886920436717
460 705 2.96410331646e-07
460 459 0.26184566858
460 461 0.913931185271
460 438 0.29819727943
460 482 0.554327284735
461 705 0.037377189278
461 460 0.913931185271
461 439 0.913931185271
461 483 0.339595525645
462 705 0.460070018286
462 463 1.0
462 440 0.826959133943
462 484 0.637628151622
463 705 0.555023990418
463 462 1.0
463 464 0.951229424501
463 441 0.941764533584
463 485 0.869358235399
464 705 0.642134590129
464 463 0.951229424501
464 465 0.886920436717
464 442 1.0
464 486 0.663650250136
465 705 0.688797543809
465 464 0.886920436717
465 466 0.5655254387
465 443 0.843664816596
465 487 0.980198673307
466 705 0.749637480865
466 465 0.5655254387
466 467 0.980198673307
466 444 0.970445533549
466 488 0.990049833749
467 705 0.800198535559
467 466 0.980198673307
467 468 0.81058424597
467 445 0.980198673307
467 489 0.970445533549
468 705 0.0123824959847
468 467 0.81058424597
468 469 0.379083038103
468 446 0.886920436717
468 490 0.970445533549
469 705 0.0255122471514
469 468 0.379083038103
469 470 0.379083038103
469 447 0.5655254387
469 491 0.941764533584
470 705 0.0208859680296
470 469 0.379083038103
470 471 0.5655254387
470 448 0.748263567579
470 492 0.618783391806
471 705 0.0140684909668
471 470 0.5655254387
471 472 0.913931185271
471 449 0.990049833749
471 493 0.941764533584
472 705 0.0508866846591
472 471 0.913931185271
472 473 0.886920436717
472 450 0.980198673307
472 494 1.0
473 705 4.29835865768e-06
473 472 0.886920436717
473 474 0.663650250136
473 451 0.763379494337
473 495 1.0
474 705 0.024882328273
474 473 0.663650250136
474 475 0.618783391806
474 452 0.802518797962
474 496 0.980198673307
475 705 0.00533651849556
475 474 0.618783391806
475 476 0.516851334492
475 453 0.516851334492
475 497 0.104350484755
476 705 0.216388588104
476 475 0.516851334492
476 477 0.048801218362
476 454 0.990049833749
476 498 0.990049833749
477 705 0.488264134718
477 476 0.048801218362
477 478 0.00790705405159
477 455 0.0130365282034
477 499 0.040356613272
478 705 5.72892038197e-05
478 477 0.00790705405159
478 479 0.802518797962
478 456 0.197898699084
478 500 0.990049833749
479 705 0.0659097517123
479 478 0.802518797962
479 480 0.663650250136
479 457 0.980198673307
479 501 0.970445533549
480 705 0.388590937042
480 479 0.663650250136
480 481 0.886920436717
480 458 0.913931185271
480 502 0.663650250136
481 705 0.231439498841
481 480 0.886920436717
481 482 0.990049833749
481 459 0.886920436717
481 503 0.913931185271
482 705 0.237294017572
482 481 0.990049833749
482 483 0.711770322763
482 460 0.554327284735
482 504 0.763379494337
483 705 0.0077248547604
483 482 0.711770322763
483 461 0.339595525645
483 505 0.0080667871391
484 705 0.469831404605
484 485 0.913931185271
484 462 0.637628151622
484 506 0.748263567579
485 705 0.499269758841
485 484 0.913931185271
485 486 0.802518797962
485 463 0.869358235399
485 507 0.0415856551212
486 705 0.605687456948
486 485 0.802518797962
486 487 0.970445533549
486 464 0.663650250136
486 508 0.406569659741
487 705 0.679734411372
487 486 0.970445533549
487 488 0.496585303791
487 465 0.980198673307
487 509 0.748263567579
488 705 0.740818367066
488 487 0.496585303791
488 489 1.0
488 466 0.990049833749
488 510 0.436049286322
489 705 0.776064551384
489 488 1.0
489 490 0.878095430921
489 467 0.970445533549
489 511 0.941764533584
490 705 0.215230595198
490 489 0.878095430921
490 491 0.14660696213
490 468 0.970445533549
490 512 0.763379494337
491 705 0.00190937076146
491 490 0.14660696213
491 492 0.763379494337
491 469 0.941764533584
491 513 0.14660696213
492 705 0.178137903473
492 491 0.763379494337
492 493 0.0602049923924
492 470 0.618783391806
492 514 0.339595525645
493 705 0.0280630389806
493 492 0.0602049923924
493 494 0.990049833749
493 471 0.941764533584
493 515 1.0
494 705 0.00392369614596
494 493 0.990049833749
494 495 0.886920436717
494 472 1.0
494 516 0.941764533584
495 705 2.21614601124e-05
495 494 0.886920436717
495 496 0.763379494337
495 473 1.0
495 517 0.0602049923924
496 705 0.0256289340671
496 495 0.763379494337
496 497 0.618783391806
496 474 0.980198673307
496 518 0.516851334492
497 705 1.6355200839e-10
497 496 0.618783391806
497 498 0.663650250136
497 475 0.104350484755
497 519 0.00279478527504
498 705 0.0485819777287
498 497 0.663650250136
498 499 1.0
498 476 0.990049833749
498 520 0.970445533549
499 705 0.0486221745784
499 498 1.0
499 500 0.802518797962
499 477 0.040356613272
499 521 0.869358235399
500 705 7.32949837439e-07
500 499 0.802518797962
500 501 0.886920436717
500 478 0.990049833749
500 522 0.170332988825
501 705 0.0428387457962
501 500 0.886920436717
501 502 0.970445533549
501 479 0.970445533549
501 523 1.0
502 705 0.120909798179
502 501 0.970445533549
502 503 0.980198673307
502 480 0.663650250136
502 524 0.941764533584
503 705 0.00172051436025
503 502 0.980198673307
503 504 0.5655254387
503 481 0.913931185271
503 525 0.339595525645
504 705 0.00242448552747
504 503 0.5655254387
504 505 0.0062824201408
504 482 0.763379494337
504 526 0.444858066223
505 705 0.00145215522967
505 504 0.0062824201408
505 483 0.0080667871391
505 527 0.0602049923924
506 705 0.43769577281
506 507 0.406569659741
506 484 0.748263567579
506 528 0.364218979572
507 705 0.471356262313
507 506 0.406569659741
507 508 0.0757740040228
507 485 0.0415856551212
507 529 0.0502874367236
508 705 0.600936649799
508 507 0.0757740040228
508 509 0.941764533584
508 486 0.406569659741
508 530 0.941764533584
509 705 0.661448308757
509 508 0.941764533584
509 510 0.683861409212
509 487 0.748263567579
509 531 0.990049833749
510 705 0.702141494033
510 509 0.683861409212
510 511 0.637628151622
510 488 0.436049286322
510 532 0.748263567579
511 705 0.743333782502
511 510 0.637628151622
511 512 0.786627861067
511 489 0.941764533584
511 533 0.941764533584
512 705 0.000741213970197
512 511 0.786627861067
512 513 0.763379494337
512 490 0.763379494337
512 534 0.763379494337
513 705 5.94302969362e-06
513 512 0.763379494337
513 514 0.970445533549
513 491 0.14660696213
513 535 0.886920436717
514 705 0.0118775332887
514 513 0.970445533549
514 515 0.663650250136
514 492 0.339595525645
514 536 0.516851334492
515 705 0.0136824686233
515 514 0.663650250136
515 516 0.895834135297
515 493 1.0
515 537 0.923116346387
516 705 0.00010822168649
516 515 0.895834135297
516 517 0.0880368325824
516 494 0.941764533584
516 538 0.0728028628274
517 705 3.66418940842e-05
517 516 0.0880368325824
517 518 0.886920436717
517 495 0.0602049923924
517 539 0.472366552741
518 705 0.036666229902
518 517 0.886920436717
518 519 0.423162082318
518 496 0.516851334492
518 540 0.26184566858
519 705 0.684327497319
519 518 0.423162082318
519 520 0.0728028628274
519 497 0.00279478527504
519 541 0.0062824201408
520 705 0.141753397912
520 519 0.0728028628274
520 521 0.951229424501
520 498 0.970445533549
520 542 0.197898699084
521 705 0.419001770101
521 520 0.951229424501
521 522 0.748263567579
521 499 0.869358235399
521 543 0.869358235399
522 705 0.104742594011
522 521 0.748263567579
522 523 0.379083038103
522 500 0.170332988825
522 544 0.516851334492
523 705 0.00431538647637
523 522 0.379083038103
523 524 0.990049833749
523 501 1.0
523 545 0.048801218362
524 705 0.000472222540323
524 523 0.990049833749
524 525 0.197898699084
524 502 0.941764533584
524 546 0.980198673307
525 705 9.72306908849e-05
525 524 0.197898699084
525 526 0.25157855306
525 503 0.339595525645
525 547 0.941764533584
526 705 0.0623757092611
526 525 0.25157855306
526 527 0.121237966433
526 504 0.444858066223
526 548 0.718923733432
527 705 0.0028105548785
527 526 0.121237966433
527 505 0.0602049923924
527 549 1.0
528 705 0.375629732181
528 529 0.941764533584
528 506 0.364218979572
528 550 0.786627861067
529 705 0.460811517917
529 528 0.941764533584
529 530 0.913931185271
529 507 0.0502874367236
529 551 0.543350869074
530 705 0.553217344894
530 529 0.913931185271
530 531 0.990049833749
530 508 0.941764533584
530 552 0.970445533549
531 705 0.607147275259
531 530 0.990049833749
531 532 0.980198673307
531 509 0.990049833749
531 553 0.980198673307
532 705 0.66807822243
532 531 0.980198673307
532 533 0.869358235399
532 510 0.748263567579
532 554 0.869358235399
533 705 0.733977743725
533 532 0.869358235399
533 534 0.878095430921
533 511 0.941764533584
533 555 0.81058424597
534 705 0.14615923858
534 533 0.878095430921
534 535 0.886920436717
534 512 0.763379494337
534 556 0.843664816596
535 705 0.0996897155138
535 534 0.886920436717
535 536 0.379083038103
535 513 0.886920436717
535 557 0.970445533549
536 705 0.00303416545623
536 535 0.379083038103
536 537 0.229925485187
536 514 0.516851334492
536 558 0.663650250136
537 705 0.270676218649
537 536 0.229925485187
537 538 0.29819727943
537 515 0.923116346387
537 559 0.711770322763
538 705 0.000311503297069
538 537 0.29819727943
538 539 0.423162082318
538 516 0.0728028628274
538 560 0.143703949778
539 705 0.032358951922
539 538 0.423162082318
539 540 0.663650250136
539 517 0.472366552741
539 561 0.606530659713
540 705 0.000338598432784
540 539 0.663650250136
540 541 0.970445533549
540 518 0.26184566858
540 562 0.941764533584
541 705 2.08289256005e-08
541 540 0.970445533549
541 542 0.0265161844089
541 519 0.0062824201408
541 563 1.0
542 705 2.05986668102e-05
542 541 0.0265161844089
542 543 0.5655254387
542 520 0.197898699084
542 564 0.711770322763
543 705 0.278099184172
543 542 0.5655254387
543 544 0.663650250136
543 521 0.869358235399
543 565 0.26184566858
544 705 0.0159988789388
544 543 0.663650250136
544 545 0.0880368325824
544 522 0.516851334492
544 566 0.990049833749
545 705 5.63091023148e-06
545 544 0.0880368325824
545 546 0.0259911287788
545 523 0.048801218362
545 567 0.5655254387
546 705 0.000353258729667
546 545 0.0259911287788
546 547 0.0713612695564
546 524 0.980198673307
546 568 1.0
547 705 0.00038067326685
547 546 0.0713612695564
547 548 0.472366552741
547 525 0.941764533584
547 569 0.886920436717
548 705 0.237029314202
548 547 0.472366552741
548 549 0.423162082318
548 526 0.718923733432
548 570 0.748263567579
549 705 0.00237980981645
549 548 0.423162082318
549 527 1.0
549 571 0.472366552741
550 705 0.331999084308
550 551 0.109700648516
550 528 0.786627861067
550 572 0.843664816596
551 705 0.43769577281
551 550 0.109700648516
551 552 0.212247973827
551 529 0.543350869074
551 573 0.151071808836
552 705 0.532846178322
552 551 0.212247973827
552 553 0.941764533584
552 530 0.970445533549
552 574 0.105399224562
553 705 0.572930370886
553 552 0.941764533584
553 554 0.869358235399
553 531 0.980198673307
553 575 0.786627861067
554 705 0.63376502275
554 553 0.869358235399
554 555 0.81058424597
554 532 0.869358235399
554 576 1.0
555 705 8.4348296167e-07
555 554 0.81058424597
555 556 0.990049833749
555 533 0.81058424597
555 577 0.0880368325824
556 705 5.03955990003e-05
556 555 0.990049833749
556 557 0.711770322763
556 534 0.843664816596
556 578 0.197898699084
557 705 0.0100404605403
557 556 0.711770322763
557 558 0.970445533549
557 535 0.970445533549
557 579 0.886920436717
558 705 0.214893446282
558 557 0.970445533549
558 559 1.0
558 536 0.663650250136
558 580 0.970445533549
559 705 1.62078365638e-05
559 558 1.0
559 560 0.472366552741
559 537 0.711770322763
559 581 0.606530659713
560 705 0.0666183054701
560 559 0.472366552741
560 561 0.26184566858
560 538 0.143703949778
560 582 0.970445533549
561 705 0.514391458733
561 560 0.26184566858
561 562 0.29819727943
561 539 0.606530659713
561 583 0.663650250136
562 705 0.100433848486
562 561 0.29819727943
562 563 0.843664816596
562 540 0.941764533584
562 584 0.869358235399
563 705 2.08770509876e-06
563 562 0.843664816596
563 564 0.170332988825
563 541 1.0
563 585 0.913931185271
564 705 0.332624625058
564 563 0.170332988825
564 565 0.170332988825
564 542 0.711770322763
564 586 0.170332988825
565 705 1.06183268877e-05
565 564 0.170332988825
565 566 0.802518797962
565 543 0.26184566858
565 587 0.980198673307
566 705 0.00131496934824
566 565 0.802518797962
566 567 0.472366552741
566 544 0.990049833749
566 588 0.170332988825
567 705 1.93111034494e-05
567 566 0.472366552741
567 568 0.26184566858
567 545 0.5655254387
567 589 0.970445533549
568 705 0.00165696911946
568 567 0.26184566858
568 569 0.0206508251817
568 546 1.0
568 590 0.970445533549
569 705 0.000530696761462
569 568 0.0206508251817
569 570 0.048801218362
569 547 0.886920436717
569 591 0.00615801988717
570 705 0.00122473392994
570 569 0.048801218362
570 571 0.711770322763
570 548 0.748263567579
570 592 0.843664816596
571 705 0.333425754846
571 570 0.711770322763
571 549 0.472366552741
571 593 0.980198673307
572 705 0.336924669372
572 573 0.913931185271
572 550 0.843664816596
572 594 0.970445533549
573 705 0.403834493716
573 572 0.913931185271
573 574 0.0590128536694
573 551 0.151071808836
573 595 0.748263567579
574 705 0.459113688396
574 573 0.0590128536694
574 575 0.0343896373435
574 552 0.105399224562
574 596 1.0
575 705 0.568000932398
575 574 0.0343896373435
575 576 0.980198673307
575 553 0.786627861067
575 597 0.506616992366
576 705 0.593079528036
576 575 0.980198673307
576 577 0.175520400617
576 554 1.0
576 598 0.199887614075
577 705 1.19299118585e-06
577 576 0.175520400617
577 578 0.886920436717
577 555 0.0880368325824
577 599 0.225372655539
578 705 0.00259248429065
578 577 0.886920436717
578 579 0.886920436717
578 556 0.197898699084
578 600 0.763379494337
579 705 0.549493983813
579 578 0.886920436717
579 580 0.618783391806
579 557 0.886920436717
579 601 0.0497870683679
580 705 6.27346073584e-10
580 579 0.618783391806
580 581 0.748263567579
580 558 0.970445533549
580 602 0.618783391806
581 705 0.462102018285
581 580 0.748263567579
581 582 0.048801218362
581 559 0.606530659713
581 603 0.606530659713
582 705 0.000100602493498
582 581 0.048801218362
582 583 0.618783391806
582 560 0.970445533549
582 604 0.970445533549
583 705 0.455549760556
583 582 0.618783391806
583 584 0.980198673307
583 561 0.663650250136
583 605 0.763379494337
584 705 0.0854846614739
584 583 0.980198673307
584 585 0.802518797962
584 562 0.869358235399
584 606 0.763379494337
585 705 0.000872574979927
585 584 0.802518797962
585 586 0.913931185271
585 563 0.913931185271
585 607 0.980198673307
586 705 1.15195119855e-06
586 585 0.913931185271
586 587 0.980198673307
586 564 0.170332988825
586 608 0.143703949778
587 705 0.000295328465922
587 586 0.980198673307
587 588 0.0602049923924
587 565 0.980198673307
587 609 0.618783391806
588 705 0.00125957913503
588 587 0.0602049923924
588 589 0.913931185271
588 566 0.170332988825
588 610 0.843664816596
589 705 0.000681267879439
589 588 0.913931185271
589 590 0.26184566858
589 567 0.970445533549
589 611 0.990049833749
590 705 0.0211633734825
590 589 0.26184566858
590 591 0.802518797962
590 568 0.970445533549
590 612 1.0
591 705 1.05901449805e-08
591 590 0.802518797962
591 592 0.980198673307
591 569 0.00615801988717
591 613 0.571209063849
592 705 5.12218447917e-07
592 591 0.980198673307
592 593 0.379083038103
592 570 0.843664816596
592 614 0.29819727943
593 705 0.634304964378
593 592 0.379083038103
593 571 0.980198673307
593 615 0.878095430921
594 705 0.279967405957
594 595 0.843664816596
594 572 0.970445533549
594 616 0.606530659713
595 705 0.370124372109
595 594 0.843664816596
595 596 0.0415856551212
595 573 0.748263567579
595 617 0.869358235399
596 705 0.471356262313
596 595 0.0415856551212
596 597 0.0735345437631
596 574 1.0
596 618 0.436049286322
597 705 0.531657290355
597 596 0.0735345437631
597 598 0.0204453460379
597 575 0.506616992366
597 619 0.0502874367236
598 705 1.00694834331e-05
598 597 0.0204453460379
598 599 0.256660776954
598 576 0.199887614075
598 620 0.170332988825
599 705 0.0379474085192
599 598 0.256660776954
599 600 0.869358235399
599 577 0.225372655539
599 621 0.04688769522
600 705 0.579762187431
600 599 0.869358235399
600 601 0.0880368325824
600 578 0.763379494337
600 622 0.763379494337
601 705 9.93065158162e-08
601 600 0.0880368325824
601 602 0.0497870683679
601 579 0.0497870683679
601 623 0.990049833749
602 705 0.00788002315539
602 601 0.0497870683679
602 603 0.763379494337
602 580 0.618783391806
602 624 0.886920436717
603 705 0.424479771793
603 602 0.763379494337
603 604 0.472366552741
603 581 0.606530659713
603 625 0.990049833749
604 705 0.0314282059415
604 603 0.472366552741
604 605 0.339595525645
604 582 0.970445533549
604 626 0.980198673307
605 705 0.420381438919
605 604 0.339595525645
605 606 0.26184566858
605 583 0.763379494337
605 627 0.913931185271
606 705 0.00019908635829
606 605 0.26184566858
606 607 0.990049833749
606 584 0.763379494337
606 628 0.980198673307
607 705 0.000124648511308
607 606 0.990049833749
607 608 0.225372655539
607 585 0.980198673307
607 629 0.886920436717
608 705 8.90640390461e-05
608 607 0.225372655539
608 609 0.711770322763
608 586 0.143703949778
608 630 0.970445533549
609 705 0.00213564755402
609 608 0.711770322763
609 610 0.711770322763
609 587 0.618783391806
609 631 0.802518797962
610 705 0.000231071898225
610 609 0.711770322763
610 611 0.990049833749
610 588 0.843664816596
610 632 0.990049833749
611 705 2.17945101214e-05
611 610 0.990049833749
611 612 0.292292577681
611 589 0.990049833749
611 633 0.193980042291
612 705 0.0480622223381
612 611 0.292292577681
612 613 0.904837418036
612 590 1.0
612 634 0.26184566858
613 705 0.337002101759
613 612 0.904837418036
613 614 0.704688089719
613 591 0.571209063849
613 635 0.895834135297
614 705 0.00525897739935
614 613 0.704688089719
614 615 0.951229424501
614 592 0.29819727943
614 636 0.748263567579
615 705 0.00846551374527
615 614 0.951229424501
615 593 0.878095430921
615 637 0.121237966433
616 705 0.273438054924
616 617 0.637628151622
616 594 0.606530659713
616 638 0.886920436717
617 705 0.366225398824
617 616 0.637628151622
617 618 0.212247973827
617 595 0.869358235399
617 639 0.980198673307
618 705 0.425327852461
618 617 0.212247973827
618 619 0.0343896373435
618 596 0.436049286322
618 640 0.157237166314
619 705 0.00354770776227
619 618 0.0343896373435
619 620 0.29819727943
619 597 0.0502874367236
619 641 0.990049833749
620 705 0.00917829542497
620 619 0.29819727943
620 621 0.0164077745263
620 598 0.170332988825
620 642 0.0047958707103
621 705 5.46799816961e-12
621 620 0.0164077745263
621 622 0.0164077745263
621 599 0.04688769522
621 643 0.00252882629223
622 705 1.15175276455e-06
622 621 0.0164077745263
622 623 0.379083038103
622 600 0.763379494337
622 644 0.339595525645
623 705 0.0196303398336
623 622 0.379083038103
623 624 0.170332988825
623 601 0.990049833749
623 645 0.339595525645
624 705 0.557525070736
624 623 0.170332988825
624 625 0.941764533584
624 602 0.886920436717
624 646 0.843664816596
625 705 0.0273099420386
625 624 0.941764533584
625 626 0.516851334492
625 603 0.990049833749
625 647 0.763379494337
626 705 0.0150392525985
626 625 0.516851334492
626 627 0.229925485187
626 604 0.980198673307
626 648 0.970445533549
627 705 0.000227419149304
627 626 0.229925485187
627 628 0.0880368325824
627 605 0.913931185271
627 649 0.0602049923924
628 705 2.7239582755e-05
628 627 0.0880368325824
628 629 0.843664816596
628 606 0.980198673307
628 650 0.970445533549
629 705 0.000671000831363
629 628 0.843664816596
629 630 0.606530659713
629 607 0.886920436717
629 651 0.606530659713
630 705 0.381241783149
630 629 0.606530659713
630 631 0.463013068311
630 608 0.970445533549
630 652 0.980198673307
631 705 0.00135276248964
631 630 0.463013068311
631 632 0.292292577681
631 609 0.802518797962
631 653 0.980198673307
632 705 0.0531480466363
632 631 0.292292577681
632 633 0.193980042291
632 610 0.990049833749
632 654 0.923116346387
633 705 0.000454259173914
633 632 0.193980042291
633 634 0.170332988825
633 611 0.193980042291
633 655 0.637628151622
634 705 0.0225848474757
634 633 0.170332988825
634 635 0.5655254387
634 612 0.26184566858
634 656 0.913931185271
635 705 0.432393984623
635 634 0.5655254387
635 636 0.463013068311
635 613 0.895834135297
635 657 0.843664816596
636 705 0.000625337953326
636 635 0.463013068311
636 637 0.0395574987884
636 614 0.748263567579
636 658 0.332871083698
637 705 2.89994307597e-09
637 636 0.0395574987884
637 615 0.121237966433
637 659 0.496585303791
638 705 0.196366786085
638 639 0.463013068311
638 616 0.886920436717
638 660 0.970445533549
639 705 0.336924669372
639 638 0.463013068311
639 640 0.375311098851
639 617 0.980198673307
639 661 1.0
640 705 0.212550659684
640 639 0.375311098851
640 641 0.913931185271
640 618 0.157237166314
640 662 0.663650250136
641 705 0.0113515054503
641 640 0.913931185271
641 642 0.0290133270822
641 619 0.990049833749
641 663 0.843664816596
642 705 6.46605636322e-12
642 641 0.0290133270822
642 643 0.379083038103
642 620 0.0047958707103
642 664 0.0652192896681
643 705 6.06231478285e-12
643 642 0.379083038103
643 644 0.00956160193054
643 621 0.00252882629223
643 665 0.00107010339964
644 705 1.11484169708e-10
644 643 0.00956160193054
644 645 0.379083038103
644 622 0.339595525645
644 666 0.339595525645
645 705 2.08985564162e-11
645 644 0.379083038103
645 646 1.0
645 623 0.339595525645
645 667 0.048801218362
646 705 0.00260101171172
646 645 1.0
646 647 0.26184566858
646 624 0.843664816596
646 668 0.748263567579
647 705 0.0036630909992
647 646 0.26184566858
647 648 0.104350484755
647 625 0.763379494337
647 669 0.5655254387
648 705 0.00443274373209
648 647 0.104350484755
648 649 0.913931185271
648 626 0.970445533549
648 670 1.0
649 705 3.4940539433e-06
649 648 0.913931185271
649 650 0.913931185271
649 627 0.0602049923924
649 671 0.886920436717
650 705 0.0106719465005
650 649 0.913931185271
650 651 0.423162082318
650 628 0.970445533549
650 672 0.990049833749
651 705 0.420952962747
651 650 0.423162082318
651 652 0.980198673307
651 629 0.606530659713
651 673 0.663650250136
652 705 5.01661322246e-06
652 651 0.980198673307
652 653 0.472366552741
652 630 0.980198673307
652 674 0.886920436717
653 705 0.0484846745514
653 652 0.472366552741
653 654 0.364218979572
653 631 0.980198673307
653 675 1.0
654 705 0.814005019442
654 653 0.364218979572
654 655 0.663650250136
654 632 0.923116346387
654 676 0.516851334492
655 705 0.871354818125
655 654 0.663650250136
655 656 0.778800783071
655 633 0.637628151622
655 677 0.778800783071
656 705 0.150731447486
656 655 0.778800783071
656 657 0.463013068311
656 634 0.913931185271
656 678 0.869358235399
657 705 4.17489214166e-06
657 656 0.463013068311
657 658 0.941764533584
657 635 0.843664816596
657 679 1.0
658 705 0.195415548685
658 657 0.941764533584
658 659 0.951229424501
658 636 0.332871083698
658 680 0.878095430921
659 705 0.84560774608
659 658 0.951229424501
659 637 0.496585303791
659 681 0.496585303791
660 705 0.24530771103
660 661 0.606530659713
660 638 0.970445533549
660 682 0.463013068311
661 705 0.276946098536
661 660 0.606530659713
661 662 0.0735345437631
661 639 1.0
661 683 0.970445533549
662 705 1.53743948788e-06
662 661 0.0735345437631
662 663 0.5655254387
662 640 0.663650250136
662 684 0.142274071587
663 705 0.30418223605
663 662 0.5655254387
663 664 0.886920436717
663 641 0.843664816596
663 685 0.941764533584
664 705 0.0548642953183
664 663 0.886920436717
664 665 0.618783391806
664 642 0.0652192896681
664 686 0.618783391806
665 705 0.31767597644
665 664 0.618783391806
665 666 0.254106959553
665 643 0.00107010339964
665 687 0.618783391806
666 705 5.84215853655e-12
666 665 0.254106959553
666 667 0.254106959553
666 644 0.339595525645
666 688 0.234570288094
667 705 0.397320688553
667 666 0.254106959553
667 668 0.763379494337
667 645 0.048801218362
667 689 0.29819727943
668 705 0.470967810093
668 667 0.763379494337
668 669 0.980198673307
668 646 0.748263567579
668 690 0.5655254387
669 705 0.0617470901704
669 668 0.980198673307
669 670 0.5655254387
669 647 0.5655254387
669 691 0.5655254387
670 705 6.27986617709e-05
670 669 0.5655254387
670 671 0.990049833749
670 648 1.0
670 692 1.0
671 705 0.000155448891984
671 670 0.990049833749
671 672 1.0
671 649 0.886920436717
671 693 0.843664816596
672 705 0.0847637741526
672 671 1.0
672 673 0.941764533584
672 650 0.990049833749
672 694 1.0
673 705 0.155313661402
673 672 0.941764533584
673 674 0.29819727943
673 651 0.663650250136
673 695 0.970445533549
674 705 0.205150631968
674 673 0.29819727943
674 675 0.229925485187
674 652 0.886920436717
674 696 0.670320046036
675 705 0.0201218564057
675 674 0.229925485187
675 676 0.895834135297
675 653 1.0
675 697 0.970445533549
676 705 0.87327017639
676 675 0.895834135297
676 677 0.869358235399
676 654 0.516851334492
676 698 0.818730753078
677 705 7.10874484462e-05
677 676 0.869358235399
677 678 0.26184566858
677 655 0.778800783071
677 699 0.980198673307
678 705 0.000477919652839
678 677 0.26184566858
678 679 0.225372655539
678 656 0.869358235399
678 700 0.970445533549
679 705 0.00118725079003
679 678 0.225372655539
679 680 0.970445533549
679 657 1.0
679 701 1.0
680 705 1.97562344235e-05
680 679 0.970445533549
680 681 0.786627861067
680 658 0.878095430921
680 702 0.554327284735
681 705 1.16405415353e-08
681 680 0.786627861067
681 659 0.496585303791
681 703 0.197898699084
682 705 0.316154438869
682 683 1.0
682 660 0.463013068311
683 705 0.304586605871
683 682 1.0
683 684 0.0281558536803
683 661 0.970445533549
684 705 1.17971414974e-11
684 683 0.0281558536803
684 685 0.0190631142916
684 662 0.142274071587
685 705 0.00878292569925
685 684 0.0190631142916
685 686 0.711770322763
685 663 0.941764533584
686 705 0.153173158938
686 685 0.711770322763
686 687 0.618783391806
686 664 0.618783391806
687 705 4.93643584123e-12
687 686 0.618783391806
687 688 0.0550232200564
687 665 0.618783391806
688 705 0.558800235543
688 687 0.0550232200564
688 689 0.843664816596
688 666 0.234570288094
689 705 0.00261304217903
689 688 0.843664816596
689 690 0.970445533549
689 667 0.29819727943
690 705 0.204364926383
690 689 0.970445533549
690 691 0.980198673307
690 668 0.5655254387
691 705 0.000583383936603
691 690 0.980198673307
691 692 1.0
691 669 0.5655254387
692 705 0.000197697903849
692 691 1.0
692 693 0.886920436717
692 670 1.0
693 705 1.57634110086e-07
693 692 0.886920436717
693 694 0.843664816596
693 671 0.843664816596
694 705 0.0838521229313
694 693 0.843664816596
694 695 0.990049833749
694 672 1.0
695 705 0.0670297488542
695 694 0.990049833749
695 696 0.0415856551212
695 673 0.970445533549
696 705 0.808109225781
696 695 0.0415856551212
696 697 0.087160851462
696 674 0.670320046036
697 705 0.0296511880294
697 696 0.087160851462
697 698 0.886920436717
697 675 0.970445533549
698 705 0.00254463189372
698 697 0.886920436717
698 699 1.0
698 676 0.818730753078
699 705 4.11048427719e-05
699 698 1.0
699 700 0.29819727943
699 677 0.980198673307
700 705 0.000939710913746
700 699 0.29819727943
700 701 0.332871083698
700 678 0.970445533549
701 705 0.0029909633214
701 700 0.332871083698
701 702 0.618783391806
701 679 1.0
702 705 0.159847373363
702 701 0.618783391806
702 703 0.990049833749
702 680 0.554327284735
703 705 0.361822493014
703 702 0.990049833749
703 681 0.197898699084
704 0 0.0616646351254
704 1 0.0621571092486
704 2 0.0622423506432
704 3 0.0635711603359
704 4 0.0660898912378
704 5 0.0692847606843
704 6 0.0746761541974
704 7 0.080299438559
704 8 0.0894423176211
704 9 0.0959740262691
704 10 0.0914404192059
704 11 0.0973813678743
704 12 0.107480200448
704 13 0.124255226955
704 14 0.135374941575
704 15 0.146689319912
704 16 0.172421503252
704 17 0.16560418286
704 18 0.160728413349
704 19 0.99935650271
704 20 0.999997973265
704 21 0.999999998705
704 22 0.0628381385644
704 23 0.0618615372977
704 24 0.0621590410353
704 25 0.0625582387771
704 26 0.0635711603359
704 27 0.0654885032379
704 28 0.0708221009761
704 29 0.0731634642877
704 30 0.0814741168808
704 31 0.0873482213575
704 32 0.0873482213575
704 33 0.0986301036711
704 34 0.101017968932
704 35 0.116815837807
704 36 0.135252145518
704 37 0.135374941575
704 38 0.148818153911
704 39 0.150089552804
704 40 0.159239540991
704 41 0.0825862968338
704 42 0.979318185149
704 43 0.999999992603
704 44 0.0638319413837
704 45 0.0628381385644
704 46 0.0621007715904
704 47 0.062326291414
704 48 0.0621571092486
704 49 0.0634241998041
704 50 0.0665524463473
704 51 0.06958741455
704 52 0.0746761541974
704 53 0.0773276815249
704 54 0.080299438559
704 55 0.0914198465961
704 56 0.0997920364615
704 57 0.101017968932
704 58 0.11276484943
704 59 0.122317177834
704 60 0.127474699732
704 61 0.136760392865
704 62 0.152743636011
704 63 0.135374941575
704 64 0.992027394526
704 65 0.999999941647
704 66 0.0679966026768
704 67 0.0660635685299
704 68 0.0643532295838
704 69 0.0628056743048
704 70 0.0618081276153
704 71 0.062535268782
704 72 0.0634241998041
704 73 0.0660789091054
704 74 0.0702420574208
704 75 0.0722071504077
704 76 0.0787720082288
704 77 0.0836181132561
704 78 0.0914198465961
704 79 0.0930732308954
704 80 0.0978076174292
704 81 0.11797498113
704 82 0.12358076118
704 83 0.125340609865
704 84 0.146046434425
704 85 0.144503687047
704 86 0.202601019577
704 87 0.999999380341
704 88 0.0770965155958
704 89 0.0696635133518
704 90 0.0665637859822
704 91 0.0657309056468
704 92 0.062956453784
704 93 0.0618683980236
704 94 0.0621571092486
704 95 0.0634241998041
704 96 0.0643529787238
704 97 0.0684204194894
704 98 0.0702420574208
704 99 0.0730583092263
704 100 0.080299438559
704 101 0.0883094139948
704 102 0.0941765395436
704 103 0.105258394627
704 104 0.11276484943
704 105 0.1179043564
704 106 0.122182392571
704 107 0.0991308064822
704 108 0.956661843078
704 109 0.999999932721
704 110 0.0778867355908
704 111 0.0752355570491
704 112 0.071323100655
704 113 0.0665637859822
704 114 0.0645847277517
704 115 0.0625474602112
704 116 0.0616444261065
704 117 0.0624415894349
704 118 0.0644907622624
704 119 0.0655953426956
704 120 0.0660789091054
704 121 0.0708221009761
704 122 0.0753803172054
704 123 0.0812714761712
704 124 0.0878995945486
704 125 0.0938515561348
704 126 0.101006802677
704 127 0.106597901623
704 128 0.11276484943
704 129 0.10392280403
704 130 0.956156424101
704 131 0.999999999856
704 132 0.0970400460909
704 133 0.0820972762688
704 134 0.0762244163723
704 135 0.0736245908028
704 136 0.0665637859822
704 137 0.0644509511143
704 138 0.0625474602112
704 139 0.0625858373134
704 140 0.0627790194723
704 141 0.0637904721867
704 142 0.0669784401784
704 143 0.994480747834
704 144 0.0703209261711
704 145 0.0782122618254
704 146 0.0820256767912
704 147 0.0859428467846
704 148 0.0930732308954
704 149 0.094006302015
704 150 0.0971965842667
704 151 0.658639539235
704 152 0.999999832685
704 153 0.999999969446
704 154 0.102640835405
704 155 0.0907039632032
704 156 0.087024222961
704 157 0.0728149214369
704 158 0.071323100655
704 159 0.0653527692191
704 160 0.0631722476324
704 161 0.0624285245965
704 162 0.0624415894349
704 163 0.0627790194723
704 164 0.0632660020903
704 165 0.997792317322
704 166 0.0684798953537
704 167 0.0724583835857
704 168 0.0759322112983
704 169 0.0831037039961
704 170 0.0879618927983
704 171 0.0914404192059
704 172 0.0866775376293
704 173 0.999999994807
704 174 0.999999998705
704 175 0.99999999994
704 176 0.127670549421
704 177 0.107841051615
704 178 0.0886784892571
704 179 0.0804582875432
704 180 0.0760051139445
704 181 0.0696635133518
704 182 0.0644829483369
704 183 0.0630583724579
704 184 0.0622910991107
704 185 0.0625020986009
704 186 0.844184389322
704 187 0.246643328905
704 188 0.0660239459728
704 189 0.072966296179
704 190 0.0723717969219
704 191 0.0792054444629
704 192 0.0873137125925
704 193 0.0914198465961
704 194 0.0874869434819
704 195 0.998903551261
704 196 0.999996554747
704 197 0.999999999256
704 198 0.135957798754
704 199 0.120153731492
704 200 0.0965411463346
704 201 0.0894081887677
704 202 0.0762244163723
704 203 0.0737595121257
704 204 0.0685195717742
704 205 0.0647942959868
704 206 0.0631396223904
704 207 0.991435938343
704 208 0.516897393
704 209 0.700776156687
704 210 0.0870520732756
704 211 0.0666464546764
704 212 0.0684204194894
704 213 0.0709022088973
704 214 0.080299438559
704 215 0.0836181132561
704 216 0.1035061151
704 217 0.999999129232
704 218 0.999999999795
704 219 0.999999872726
704 220 0.144048967541
704 221 0.127670549421
704 222 0.102174780728
704 223 0.0882534435046
704 224 0.0841786895125
704 225 0.0752355570491
704 226 0.0715234868155
704 227 0.0665637859822
704 228 0.064663994196
704 229 0.348739934329
704 230 0.459360225725
704 231 0.58789238518
704 232 0.492880601487
704 233 0.511250220912
704 234 0.0684798953537
704 235 0.0689599291907
704 236 0.0715682692528
704 237 0.0652844087628
704 238 0.998898935554
704 239 0.999999996259
704 240 0.999999999132
704 241 0.999997254689
704 242 0.191629825904
704 243 0.145087233801
704 244 0.114926346593
704 245 0.101587984977
704 246 0.0894081887677
704 247 0.0766057131448
704 248 0.0760051139445
704 249 0.0686649495859
704 250 0.38634913154
704 251 0.37818735344
704 252 0.576125310701
704 253 0.258384576943
704 254 0.255344900832
704 255 0.948174915914
704 256 0.999735733665
704 257 0.063277444793
704 258 0.0673758412881
704 259 0.0637347712062
704 260 0.99617008547
704 261 0.999495649948
704 262 0.99996659443
704 263 0.999999908611
704 264 0.178320084822
704 265 0.152829470476
704 266 0.12884345235
704 267 0.116655526095
704 268 0.0964795705483
704 269 0.0820972762688
704 270 0.0789954386371
704 271 0.0733972184389
704 272 0.363375561481
704 273 0.780438359812
704 274 0.457408276822
704 275 0.284610474172
704 276 0.994891120948
704 277 0.999972768686
704 278 0.944945909451
704 279 0.0637055357703
704 280 0.163330814052
704 281 0.999116402807
704 282 0.999998343823
704 283 0.162169691084
704 284 0.999993924374
704 285 0.999999999986
704 286 0.228882636772
704 287 0.181815504452
704 288 0.138218035781
704 289 0.12884345235
704 290 0.101587984977
704 291 0.0919843486053
704 292 0.0855577727785
704 293 0.0843941949464
704 294 0.999736159989
704 295 0.99998205551
704 296 0.385993818288
704 297 0.963273472001
704 298 0.675377618879
704 299 0.998257488424
704 300 0.335570778304
704 301 0.500748070454
704 302 0.840143248029
704 303 0.948224923935
704 304 0.75313894184
704 305 0.999957419559
704 306 0.999896966842
704 307 0.99999999994
704 308 0.218159154271
704 309 0.209031214101
704 310 0.170705288073
704 311 0.139358027388
704 312 0.11334090233
704 313 0.105494186947
704 314 0.0951750535846
704 315 0.999290672851
704 316 0.402405818073
704 317 0.932092832679
704 318 0.352598247599
704 319 0.335977760528
704 320 0.837127462952
704 321 0.999988736241
704 322 0.422381245545
704 323 0.306357019517
704 324 0.179771648516
704 325 0.999997892044
704 326 0.999868653687
704 327 0.632864553556
704 328 0.998920551365
704 329 0.999995385214
704 330 0.259181632934
704 331 0.226848404311
704 332 0.181815504452
704 333 0.156894972443
704 334 0.129684760387
704 335 0.114513766815
704 336 0.0984226430369
704 337 0.590129297573
704 338 0.893453463859
704 339 0.475992810138
704 340 0.782231791426
704 341 0.996703679376
704 342 0.294736895056
704 343 0.999825636051
704 344 0.454719623017
704 345 0.331540915176
704 346 0.999945713948
704 347 0.999938967111
704 348 0.771439871455
704 349 0.99097836981
704 350 0.666710787965
704 351 0.999149804759
704 352 0.32268537918
704 353 0.265256488756
704 354 0.210485224776
704 355 0.169330752143
704 356 0.143941426404
704 357 0.123832893792
704 358 0.103668924535
704 359 0.994308143241
704 360 0.999849544124
704 361 0.526146684253
704 362 0.989965954679
704 363 0.253670262174
704 364 0.603576746672
704 365 0.997277081382
704 366 0.496524885454
704 367 0.854066778551
704 368 0.999980067939
704 369 0.579047037253
704 370 0.997993330651
704 371 0.552126937366
704 372 0.998230195662
704 373 0.999561360127
704 374 0.339749632241
704 375 0.285017321972
704 376 0.226848404311
704 377 0.181815504452
704 378 0.155579497387
704 379 0.127670549421
704 380 0.118593258563
704 381 0.763749363213
704 382 0.696907736383
704 383 0.52077333044
704 384 0.966964347185
704 385 0.552602817402
704 386 0.320298793673
704 387 0.999998168419
704 388 0.991452312778
704 389 0.999947824936
704 390 0.999406017029
704 391 0.99789439235
704 392 0.541961407758
704 393 0.994652105929
704 394 0.852824329056
704 395 0.982871710251
704 396 0.443216479881
704 397 0.33192177757
704 398 0.274887711977
704 399 0.210485224776
704 400 0.163564092628
704 401 0.156709406837
704 402 0.161362351518
704 403 0.990971994633
704 404 0.716324710402
704 405 0.463839424625
704 406 0.377872366682
704 407 0.996910163121
704 408 0.902562623323
704 409 0.999992657868
704 410 0.986130521836
704 411 0.598612395074
704 412 0.99842340706
704 413 0.999999954968
704 414 0.940958784087
704 415 0.317763446489
704 416 0.999140969158
704 417 0.999999994446
704 418 0.461714204372
704 419 0.382995180493
704 420 0.279707417144
704 421 0.226848404311
704 422 0.19550368411
704 423 0.162136045773
704 424 0.734595624955
704 425 0.648644443235
704 426 0.71285606748
704 427 0.502886603367
704 428 0.958106032206
704 429 0.908515678077
704 430 0.976080231293
704 431 0.999772370677
704 432 0.518501681698
704 433 0.981015245495
704 434 0.876604738374
704 435 0.997617415377
704 436 0.99891856195
704 437 0.347547008268
704 438 0.53964143328
704 439 0.999998281879
704 440 0.576479408739
704 441 0.435764230644
704 442 0.357865409871
704 443 0.264045704734
704 444 0.226848404311
704 445 0.171042816538
704 446 0.940334190224
704 447 0.977822814488
704 448 0.999988097387
704 449 0.980287557047
704 450 0.998762130366
704 451 0.922006145542
704 452 0.999857372365
704 453 0.898763216795
704 454 0.829772964713
704 455 0.999977077043
704 456 0.746635244396
704 457 0.980613610222
704 458 0.733711672307
704 459 0.518459314151
704 460 0.99999970359
704 461 0.962622810722
704 462 0.539929981714
704 463 0.444976009582
704 464 0.357865409871
704 465 0.311202456191
704 466 0.250362519135
704 467 0.199801464441
704 468 0.987617504015
704 469 0.974487752849
704 470 0.97911403197
704 471 0.985931509033
704 472 0.949113315341
704 473 0.999995701641
704 474 0.975117671727
704 475 0.994663481504
704 476 0.783611411896
704 477 0.511735865282
704 478 0.999942710796
704 479 0.934090248288
704 480 0.611409062958
704 481 0.768560501159
704 482 0.762705982428
704 483 0.99227514524
704 484 0.530168595395
704 485 0.500730241159
704 486 0.394312543052
704 487 0.320265588628
704 488 0.259181632934
704 489 0.223935448616
704 490 0.784769404802
704 491 0.998090629239
704 492 0.821862096527
704 493 0.971936961019
704 494 0.996076303854
704 495 0.99997783854
704 496 0.974371065933
704 497 0.999999999836
704 498 0.951418022271
704 499 0.951377825422
704 500 0.99999926705
704 501 0.957161254204
704 502 0.879090201821
704 503 0.99827948564
704 504 0.997575514473
704 505 0.99854784477
704 506 0.56230422719
704 507 0.528643737687
704 508 0.399063350201
704 509 0.338551691243
704 510 0.297858505967
704 511 0.256666217498
704 512 0.99925878603
704 513 0.99999405697
704 514 0.988122466711
704 515 0.986317531377
704 516 0.999891778314
704 517 0.999963358106
704 518 0.963333770098
704 519 0.315672502681
704 520 0.858246602088
704 521 0.580998229899
704 522 0.895257405989
704 523 0.995684613524
704 524 0.99952777746
704 525 0.999902769309
704 526 0.937624290739
704 527 0.997189445122
704 528 0.624370267819
704 529 0.539188482083
704 530 0.446782655106
704 531 0.392852724741
704 532 0.33192177757
704 533 0.266022256275
704 534 0.85384076142
704 535 0.900310284486
704 536 0.996965834544
704 537 0.729323781351
704 538 0.999688496703
704 539 0.967641048078
704 540 0.999661401567
704 541 0.999999979171
704 542 0.999979401333
704 543 0.721900815828
704 544 0.984001121061
704 545 0.99999436909
704 546 0.99964674127
704 547 0.999619326733
704 548 0.762970685798
704 549 0.997620190184
704 550 0.668000915692
704 551 0.56230422719
704 552 0.467153821678
704 553 0.427069629114
704 554 0.36623497725
704 555 0.999999156517
704 556 0.999949604401
704 557 0.98995953946
704 558 0.785106553718
704 559 0.999983792163
704 560 0.93338169453
704 561 0.485608541267
704 562 0.899566151514
704 563 0.999997912295
704 564 0.667375374942
704 565 0.999989381673
704 566 0.998685030652
704 567 0.999980688897
704 568 0.998343030881
704 569 0.999469303239
704 570 0.99877526607
704 571 0.666574245154
704 572 0.663075330628
704 573 0.596165506284
704 574 0.540886311604
704 575 0.431999067602
704 576 0.406920471964
704 577 0.999998807009
704 578 0.997407515709
704 579 0.450506016187
704 580 0.999999999373
704 581 0.537897981715
704 582 0.999899397507
704 583 0.544450239444
704 584 0.914515338526
704 585 0.99912742502
704 586 0.999998848049
704 587 0.999704671534
704 588 0.998740420865
704 589 0.999318732121
704 590 0.978836626518
704 591 0.99999998941
704 592 0.999999487782
704 593 0.365695035622
704 594 0.720032594043
704 595 0.629875627891
704 596 0.528643737687
704 597 0.468342709645
704 598 0.999989930517
704 599 0.962052591481
704 600 0.420237812569
704 601 0.999999900693
704 602 0.992119976845
704 603 0.575520228207
704 604 0.968571794059
704 605 0.579618561081
704 606 0.999800913642
704 607 0.999875351489
704 608 0.999910935961
704 609 0.997864352446
704 610 0.999768928102
704 611 0.99997820549
704 612 0.951937777662
704 613 0.662997898241
704 614 0.994741022601
704 615 0.991534486255
704 616 0.726561945076
704 617 0.633774601176
704 618 0.574672147539
704 619 0.996452292238
704 620 0.990821704575
704 621 0.999999999995
704 622 0.999998848247
704 623 0.980369660166
704 624 0.442474929264
704 625 0.972690057961
704 626 0.984960747401
704 627 0.999772580851
704 628 0.999972760417
704 629 0.999328999169
704 630 0.618758216851
704 631 0.99864723751
704 632 0.946851953364
704 633 0.999545740826
704 634 0.977415152524
704 635 0.567606015377
704 636 0.999374662047
704 637 0.9999999971
704 638 0.803633213915
704 639 0.663075330628
704 640 0.787449340316
704 641 0.98864849455
704 642 0.999999999994
704 643 0.999999999994
704 644 0.999999999889
704 645 0.999999999979
704 646 0.997398988288
704 647 0.996336909001
704 648 0.995567256268
704 649 0.999996505946
704 650 0.989328053499
704 651 0.579047037253
704 652 0.999994983387
704 653 0.951515325449
704 654 0.185994980558
704 655 0.128645181875
704 656 0.849268552514
704 657 0.999995825108
704 658 0.804584451315
704 659 0.15439225392
704 660 0.75469228897
704 661 0.723053901464
704 662 0.999998462561
704 663 0.69581776395
704 664 0.945135704682
704 665 0.68232402356
704 666 0.999999999994
704 667 0.602679311447
704 668 0.529032189907
704 669 0.93825290983
704 670 0.999937201338
704 671 0.999844551108
704 672 0.915236225847
704 673 0.844686338598
704 674 0.794849368032
704 675 0.979878143594
704 676 0.12672982361
704 677 0.999928912552
704 678 0.999522080347
704 679 0.99881274921
704 680 0.999980243766
704 681 0.999999988359
704 682 0.683845561131
704 683 0.695413394129
704 684 0.999999999988
704 685 0.991217074301
704 686 0.846826841062
704 687 0.999999999995
704 688 0.441199764457
704 689 0.997386957821
704 690 0.795635073617
704 691 0.999416616063
704 692 0.999802302096
704 693 0.999999842366
704 694 0.916147877069
704 695 0.932970251146
704 696 0.191890774219
704 697 0.970348811971
704 698 0.997455368106
704 699 0.999958895157
704 700 0.999060289086
704 701 0.997009036679
704 702 0.840152626637
704 703 0.638177506986
-1 -1 -1
