20
21
42
43
64
65
87
108
109
130
131
152
153
173
174
175
195
196
197
217
218
219
239
240
241
260
261
262
263
276
277
278
282
284
285
298
299
304
305
306
307
315
320
321
325
326
327
328
329
338
341
343
346
347
348
349
350
351
360
361
362
365
367
368
369
370
371
372
373
382
384
387
388
389
390
391
392
393
394
395
404
407
408
409
410
411
412
413
414
416
417
427
428
429
430
431
432
433
434
435
436
438
439
447
448
449
450
451
452
453
454
455
456
457
458
459
460
461
469
470
471
472
473
474
475
476
477
478
479
480
481
482
483
491
492
493
494
495
496
497
498
499
500
501
502
503
504
505
512
513
514
515
516
517
518
520
521
522
523
524
525
526
527
535
536
537
538
539
540
541
542
543
544
545
546
547
548
549
556
557
558
559
560
562
563
564
565
566
567
568
569
570
571
577
578
580
581
582
583
584
585
586
587
588
589
590
591
592
594
595
598
599
601
602
603
604
605
606
607
608
609
610
611
612
613
614
615
616
617
618
619
620
621
622
623
625
626
627
628
629
630
631
632
633
634
635
636
637
638
639
640
641
642
643
644
645
646
647
648
649
650
651
652
653
656
657
658
660
661
662
663
664
665
666
667
668
669
670
671
672
673
675
677
678
679
680
681
682
683
684
685
686
687
689
690
691
692
693
694
695
697
698
699
700
701
702
703
19
86
151
238
283
256
297
303
316
319
342
324
337
339
340
363
344
359
383
364
366
345
381
385
406
386
415
403
405
426
437
446
425
468
490
534
519
561
555
579
593
600
572
596
573
624
654
674
655
659
688
676
696
255
281
317
294
318
323
302
322
424
550
574
295
296
301
